

数据集: concrete
数据形状: (1030, 9)
奇异值数量: 9
总能量: 9270.000000
奇异值分析结果:
------------------------------------------------------------
序号	奇异值		累计能量占比	解释方差占比
------------------------------------------------------------
1	48.544174	0.254211		0.254211
2	44.659085	0.469360		0.215149
3	38.094075	0.625904		0.156544
4	32.773609	0.741773		0.115869
5	32.320019	0.854458		0.112684
6	29.543059	0.948610		0.094152
7	17.189001	0.980483		0.031873
8	12.300697	0.996805		0.016322
9	5.442105	1.000000		0.003195

重要统计信息:
最大奇异值: 48.544174
最小奇异值: 5.442105
奇异值中位数: 32.320019
奇异值平均值: 28.985091


数据集: CCPP
数据形状: (9568, 5)
奇异值数量: 5
总能量: 47840.000000
奇异值分析结果:
------------------------------------------------------------
序号	奇异值		累计能量占比	解释方差占比
------------------------------------------------------------
1	178.279651	0.664374		0.664374
2	93.545770	0.847292		0.182918
3	75.016895	0.964924		0.117632
4	36.554421	0.992855		0.027931
5	18.487690	1.000000		0.007145

重要统计信息:
最大奇异值: 178.279651
最小奇异值: 18.487690
奇异值中位数: 75.016895
奇异值平均值: 80.376886


数据集: AirfoilSelfNoise
数据形状: (1503, 6)
奇异值数量: 6
总能量: 9018.000000
奇异值分析结果:
------------------------------------------------------------
序号	奇异值		累计能量占比	解释方差占比
------------------------------------------------------------
1	56.396830	0.352695		0.352695
2	46.609169	0.593592		0.240898
3	40.905023	0.779135		0.185542
4	37.081175	0.931609		0.152474
5	19.504027	0.973792		0.042183
6	15.373398	1.000000		0.026208

重要统计信息:
最大奇异值: 56.396830
最小奇异值: 15.373398
奇异值中位数: 38.993099
奇异值平均值: 35.978270


数据集: Abalone
数据形状: (4177, 9)
奇异值数量: 9
总能量: 37593.000000
奇异值分析结果:
------------------------------------------------------------
序号	奇异值		累计能量占比	解释方差占比
------------------------------------------------------------
1	167.460482	0.745964		0.745964
2	64.681765	0.857254		0.111290
3	53.833386	0.934344		0.077090
4	32.830512	0.963015		0.028671
5	26.322048	0.981445		0.018430
6	18.823505	0.990870		0.009425
7	16.231697	0.997879		0.007008
8	7.281247	0.999289		0.001410
9	5.169261	1.000000		0.000711

重要统计信息:
最大奇异值: 167.460482
最小奇异值: 5.169261
奇异值中位数: 26.322048
奇异值平均值: 43.625989


数据集: ParisHousing
数据形状: (10000, 17)
奇异值数量: 17
总能量: 170000.000000
奇异值分析结果:
------------------------------------------------------------
序号	奇异值		累计能量占比	解释方差占比
------------------------------------------------------------
1	141.496211	0.117772		0.117772
2	103.786944	0.181135		0.063363
3	102.815049	0.243317		0.062182
4	101.966426	0.304476		0.061160
5	101.606912	0.365206		0.060729
6	100.806432	0.424982		0.059776
7	100.439150	0.484323		0.059341
8	100.094541	0.543258		0.058935
9	99.712888	0.601744		0.058486
10	99.676468	0.660188		0.058444
11	99.194871	0.718068		0.057880
12	98.959117	0.775673		0.057605
13	98.283178	0.832494		0.056821
14	97.985184	0.888971		0.056477
15	97.583534	0.944986		0.056015
16	96.707547	1.000000		0.055014
17	0.046615	1.000000		0.000000

重要统计信息:
最大奇异值: 141.496211
最小奇异值: 0.046615
奇异值中位数: 99.712888
奇异值平均值: 96.538886
