V1,V2,V3,V4,V5,V6,V7,V8,V9,V10,V11,V12,V13,V14,V15,V16,V17,V18,V19
M1,7789.092213823408,7790.0,4770.0,5060.0,4720.0,4450.0,5120.0,5960.0,6560.0,4900.0,4520.0,7370.0,9050.0,7780.0,5380.0,4700.0,4490.0,4010.0
M2,2179.809799244787,2180.0,1760.0,2290.0,1500.0,1370.0,1810.0,1450.0,1370.0,1380.0,1710.0,2140.0,1870.0,1670.0,1800.0,1800.0,1790.0,1600.0
M3,13658.840274284572,13659.0,13839.0,13693.0,13701.0,13881.0,13862.0,13774.0,13677.0,13944.0,14023.0,13793.0,13752.0,13818.0,13901.0,14057.0,14037.0,14158.0
M4,6558.842695081049,6559.0,6526.0,6499.0,6495.0,6450.0,6458.0,6434.0,6445.0,6382.0,6390.0,6390.0,6353.0,6337.0,6280.0,6284.0,6397.0,6433.0
M5,4469.876223992955,4470.0,4350.0,4420.0,4480.0,4440.0,4340.0,4280.0,4210.0,4280.0,4350.0,4290.0,4320.0,4370.0,4390.0,4480.0,4390.0,4380.0
M6,11299.521465917816,11300.0,11200.0,11000.0,10900.0,10900.0,10700.0,10400.0,10200.0,10100.0,10100.0,10200.0,10100.0,10000.0,10000.0,10100.0,10000.0,10100.0
M7,6015.794546928597,1143.0,1092.0,1100.0,1092.0,1067.0,1009.0,966.0,930.0,929.0,942.0,930.0,941.0,947.0,949.0,973.0,956.0,944.0
M8,5891.364861804736,1436.0,1371.0,1373.0,1394.0,1349.0,1290.0,1228.0,1194.0,1192.0,1217.0,1187.0,1197.0,1196.0,1211.0,1257.0,1223.0,1226.0
M9,5543.695164954886,5480.0,5330.0,5350.0,5170.0,5110.0,4940.0,4990.0,4910.0,4660.0,4860.0,5070.0,5140.0,5130.0,5080.0,5100.0,5050.0,4860.0
M10,5370.234109578866,6490.0,6390.0,6340.0,6210.0,6070.0,5890.0,5720.0,5630.0,5530.0,5370.0,5330.0,5260.0,5310.0,5280.0,5350.0,5450.0,5450.0
M11,5753.561783393332,11727.0,12532.0,12876.0,12957.0,12912.0,12630.0,12887.0,12972.0,12976.0,12937.0,12597.0,11712.0,11898.0,12703.0,13005.0,13095.0,13025.0
M12,5653.53546478723,2766.0,2758.0,2750.0,2755.0,2785.0,2748.0,2752.0,2758.0,2768.0,2781.0,2805.0,2805.0,2805.0,2805.0,2793.0,2794.0,2824.0
M13,5576.32603104014,2173.6,2164.6,2156.9,2156.3,2163.2,2152.6,2150.4,2153.9,2165.9,2173.9,2195.9,2198.9,2195.6,2194.3,2183.6,2182.0,2186.4
M14,5793.052005007174,4809.0,5140.0,5280.0,5294.0,5231.0,5022.0,5234.0,5269.0,5275.0,5120.0,4868.0,4780.0,4813.0,5165.0,5273.0,5293.0,5223.0
M15,5741.570710109703,2685.6,2672.3,2670.4,2666.1,2662.6,2657.2,2657.8,2667.9,2672.0,2675.6,2691.5,2688.0,2686.0,2673.0,2665.0,2664.7,2655.9
M16,5381.598047320832,13369.0,14038.0,14375.0,14462.0,14390.0,14151.0,14362.0,14455.0,14452.0,14555.0,14352.0,13339.0,13507.0,14182.0,14503.0,14611.0,14518.0
M17,5028.796445491975,6859.3,7703.6,8071.5,8165.7,8123.6,7922.1,8110.1,8173.3,8146.9,8165.5,7763.7,6696.4,6907.5,7766.7,8111.0,8193.0,8166.8
M18,5276.893528805951,6509.4,6334.4,6303.9,6296.6,6265.9,6228.6,6251.7,6281.5,6305.3,6389.7,6588.2,6642.3,6599.7,6415.1,6392.3,6417.7,6351.6
M19,5847.574800390713,4080.0,6290.0,4010.0,3260.0,2740.0,2220.0,3000.0,2590.0,2860.0,2780.0,3780.0,4680.0,4170.0,6520.0,4540.0,3190.0,2870.0
M20,6583.365007764567,3700.0,4200.0,3700.0,4500.0,3600.0,3700.0,7100.0,3100.0,3400.0,3400.0,3000.0,3200.0,3200.0,4000.0,4100.0,3400.0,3300.0
M21,7164.793440379661,1980.0,2530.0,1530.0,1440.0,1080.0,1290.0,1460.0,1160.0,1310.0,1390.0,1960.0,2870.0,2110.0,2560.0,1920.0,1410.0,1120.0
M22,6732.654559225878,1350.0,1600.0,1450.0,1110.0,780.0,1160.0,1180.0,530.0,650.0,670.0,1320.0,1420.0,1160.0,2020.0,1550.0,1050.0,910.0
M23,6381.514484536867,8400.0,6600.0,6500.0,5500.0,4300.0,6600.0,6700.0,4500.0,4400.0,4400.0,6900.0,12500.0,7300.0,6300.0,5700.0,4700.0,3700.0
M24,6329.86914324771,12048.0,12094.0,12107.0,12189.0,12248.0,12287.0,12335.0,12269.0,12267.0,12388.0,12450.0,12507.0,12559.0,12567.0,12608.0,12664.0,12643.0
M25,6217.379574397298,6588.0,6620.8,6632.6,6696.3,6739.7,6771.4,6746.1,6699.2,6700.3,6793.7,6839.5,6882.4,6920.3,6924.3,6956.3,6997.9,6982.4
M26,6266.249699166387,18053.68,18162.93,18270.05,18323.84,18394.61,18489.19,18537.03,18595.92,18683.17,18734.69,18842.29,18970.81,19081.92,19236.47,19363.75,19407.04,19483.53
M27,7060.94058608936,3395.34,3401.163,3403.495,3373.162,3368.717,3392.545,3341.037,3262.947,3252.038,3247.701,3281.02,3319.068,3318.217,3352.385,3383.993,3371.965,3396.286
M28,7990.102208946417,2288.06,2303.05,2303.18,2384.32,2226.72,2171.43,1962.83,2085.92,2313.22,2327.68,2293.64,2417.86,2086.15,2322.98,2318.52,2261.54,2171.57
M29,7876.684239340981,9513.6,9169.3,9424.3,11410.1,10618.0,10122.3,8212.1,8048.7,8952.3,8667.1,8518.3,8822.7,9156.9,9393.9,9559.9,12698.0,12119.3
M30,7305.8492695207815,2616.2,2329.1,2290.7,2603.5,2331.5,2450.6,2243.5,2363.3,2978.6,2763.8,2413.0,2506.6,2815.5,2266.7,2730.5,2674.7,2262.5
M31,7164.745507355042,5273.8,5438.7,4670.2,5212.2,4944.1,4760.3,4701.5,4976.3,5381.3,4687.1,5225.6,5170.6,5177.0,5471.2,5584.5,5780.7,5441.3
M32,6858.609066879334,3679.7,3710.9,3594.0,3515.0,3350.3,3393.2,3187.5,3086.0,3483.6,2961.8,3667.8,3689.7,3519.3,3499.0,3653.1,3834.4,3414.9
M33,6331.570207906201,21074.3,19536.7,19486.1,21163.6,18869.0,18516.8,18065.8,18226.3,19338.8,19385.1,19040.6,19556.3,18303.7,20282.6,19845.8,20211.4,19592.5
M34,6392.2810358220195,4556.8,4429.7,4699.0,5338.7,4526.5,4317.4,3919.9,4187.1,5269.1,5027.7,4244.4,5016.8,4554.3,4664.5,5242.1,4605.1,4350.4
M35,6402.248586659706,2470.8,2480.54,2528.35,2360.07,2290.81,2359.97,2216.43,2181.85,2324.98,2251.25,2303.22,2425.36,2156.88,2418.64,2366.61,2390.84,2439.55
M36,6494.607461760363,4276.9,3878.6,3488.8,4452.5,4390.4,3986.6,3295.0,3867.5,4320.9,4280.8,3426.2,4207.6,3929.8,4247.9,3518.0,4404.5,3675.5
M37,6759.092316668253,10973.1,10548.8,9892.0,10820.7,10663.6,11316.3,9583.3,10318.3,12093.1,10907.5,9891.3,11048.4,11266.5,11444.6,10407.6,11709.7,11336.3
M38,6751.290214979744,6321.8,6186.5,5577.6,5791.6,5694.5,5385.5,5911.9,5539.4,6438.8,6245.3,6196.9,6205.4,5902.3,6019.4,5084.4,5108.1,5813.3
M39,5830.84286634519,2478.42,2469.57,2533.03,2767.2,2405.02,2315.4,2240.07,2319.18,2474.41,2509.84,2484.25,2490.66,2302.59,2555.72,2508.91,2640.54,2538.55
M40,4936.515001127116,4662.1,4553.0,5847.0,4801.4,4398.5,4118.2,3649.1,4461.7,4861.0,4426.4,4520.0,4943.5,4155.2,4445.7,4337.4,5109.0,4644.9
M41,4946.200821568919,7379.0,7145.0,6136.0,5413.0,5197.0,4875.0,4519.0,4794.0,5128.0,5461.0,5582.0,7181.0,7177.0,7280.0,6273.0,5875.0,5532.0
M42,4883.553040600871,6967.6,6746.9,6691.4,6462.1,6744.8,6907.5,6798.8,7133.5,7205.6,7084.7,6698.4,7187.9,6743.5,6923.4,6856.0,7012.6,7160.6
M43,4336.327798731481,7270.0,7730.0,8570.0,7770.0,7220.0,6890.0,6280.0,6090.0,6070.0,6460.0,6560.0,6880.0,6580.0,6830.0,7590.0,7050.0,6960.0
M44,3704.232698139431,1496.0,1570.0,1541.0,1705.0,1492.0,1845.0,1664.0,1567.0,1548.0,1495.0,1446.0,1349.0,1370.0,1522.0,1379.0,1275.0,1247.0
M45,3417.2759200941227,1166.0,1129.0,1175.0,1286.0,1201.0,1188.0,1162.0,1077.0,1130.0,1136.0,1153.0,1144.0,1152.0,1225.0,1260.0,1212.0,1210.0
M46,3300.594471764582,3000.0,3800.0,3500.0,2900.0,3500.0,3500.0,3300.0,3400.0,3200.0,2800.0,2900.0,2900.0,3300.0,3600.0,3000.0,3700.0,3800.0
M47,3032.619442682363,4260.0,3830.0,4150.0,5220.0,4280.0,4260.0,3960.0,3180.0,3570.0,3770.0,3860.0,4040.0,3830.0,4470.0,4560.0,3950.0,3550.0
M48,2733.627497500257,984.0,983.0,993.0,910.0,975.0,748.0,845.0,977.0,997.0,1077.0,1144.0,951.0,1084.0,1077.0,1007.0,913.0,900.0
M49,2471.242152632247,1132.0,1189.0,1073.0,1171.0,1160.0,1128.0,1213.0,1113.0,1155.0,1128.0,1195.0,1218.0,1164.0,1052.0,1320.0,1102.0,1226.0
M50,2518.0716959667543,992.0,1116.0,909.0,899.0,781.0,743.0,841.0,907.0,1062.0,1050.0,1116.0,1152.0,1028.0,950.0,1145.0,838.0,831.0
M51,2957.1492812434963,921.0,926.0,895.0,809.0,956.0,725.0,712.0,788.0,738.0,835.0,979.0,934.0,980.0,902.0,967.0,1007.0,1055.0
M52,3176.073514745707,3419.0,3488.0,3678.0,3669.0,3768.0,3581.0,3656.0,3494.0,3677.0,3800.0,3500.0,3643.0,3550.0,3647.0,3706.0,3547.0,3599.0
M53,3282.734860018778,2190.0,2200.0,2270.0,2280.0,2320.0,2350.0,2350.0,2360.0,2400.0,2390.0,2380.0,2430.0,2360.0,2420.0,2460.0,2480.0,2530.0
M54,3586.737599660488,4980.0,5050.0,4570.0,4780.0,5080.0,5380.0,5260.0,5250.0,5370.0,5700.0,5660.0,5580.0,6220.0,5590.0,5710.0,5630.0,5920.0
M55,3850.666764501605,2960.0,3002.0,3076.0,2987.0,3170.0,2990.0,2911.0,3113.0,3114.0,3213.0,2960.0,3216.0,2950.0,3024.0,3198.0,3027.0,3054.0
M56,4058.82720181643,6930.0,7370.0,6820.0,6050.0,6980.0,6720.0,6780.0,6750.0,6370.0,6700.0,6400.0,6550.0,6090.0,5890.0,6490.0,6490.0,6850.0
M57,4339.943482239401,6270.0,6850.0,6180.0,6380.0,5650.0,6520.0,7610.0,6970.0,6890.0,6390.0,5630.0,6210.0,6230.0,6190.0,6150.0,6030.0,6820.0
M58,4659.097674587581,3150.0,4670.0,4120.0,4150.0,3640.0,3270.0,3300.0,3360.0,3510.0,3140.0,3080.0,2970.0,3770.0,3560.0,4580.0,4950.0,5000.0
M59,4884.540464551488,6670.0,5050.0,5690.0,5760.0,6180.0,6370.0,6700.0,6450.0,6190.0,6570.0,6640.0,6630.0,6040.0,6240.0,5140.0,4950.0,4910.0
M60,4922.875965628765,5870.0,6710.0,7500.0,7540.0,7250.0,6380.0,6870.0,6360.0,6620.0,6940.0,7610.0,6360.0,6380.0,6830.0,6460.0,7460.0,7420.0
M61,4952.470842962404,2580.0,2170.0,2090.0,2120.0,3200.0,2480.0,4650.0,4040.0,3020.0,2860.0,2860.0,3510.0,2140.0,2640.0,2450.0,2350.0,3700.0
M62,4883.7315686075335,4540.0,4340.0,4000.0,3940.0,3000.0,4550.0,3660.0,3650.0,4690.0,5000.0,3520.0,3920.0,5270.0,4150.0,4450.0,3830.0,3870.0
M63,4747.905393002573,4120.0,3680.0,3820.0,3330.0,2800.0,3070.0,3860.0,3080.0,4380.0,4590.0,3630.0,4120.0,4640.0,4430.0,4000.0,2350.0,3360.0
M64,4685.839640444883,7880.0,7750.0,7500.0,8150.0,7830.0,7180.0,7830.0,7810.0,7480.0,6940.0,7080.0,8380.0,8560.0,7570.0,8260.0,8200.0,7840.0
M65,4587.53839380786,3140.0,2750.0,2720.0,3640.0,3270.0,3600.0,3690.0,3020.0,3740.0,2820.0,2410.0,3600.0,3330.0,2930.0,3580.0,4950.0,4670.0
M66,4354.626777395877,4950.0,5690.0,6410.0,5170.0,5730.0,4860.0,5230.0,5850.0,4950.0,5530.0,6670.0,5800.0,5520.0,5660.0,5000.0,4490.0,4860.0
M67,4276.701731487621,3700.0,3670.0,3880.0,4750.0,4770.0,4340.0,4820.0,4170.0,4800.0,4290.0,3240.0,4610.0,4190.0,3730.0,4630.0,5470.0,6200.0
M68,4474.622062255533,4540.0,4860.0,5150.0,4150.0,4310.0,4250.0,4200.0,4810.0,3980.0,4000.0,5460.0,4410.0,4860.0,5100.0,3610.0,3870.0,3330.0
M69,4688.798253615525,5400.0,5130.0,5560.0,5250.0,4910.0,5950.0,5470.0,5350.0,4850.0,5730.0,5610.0,5590.0,6220.0,5830.0,5220.0,5460.0,6400.0
M70,4697.985558433815,2530.0,3700.0,3950.0,4060.0,3770.0,3620.0,3880.0,5150.0,4860.0,5420.0,5350.0,4240.0,3770.0,3490.0,4460.0,4920.0,3790.0
M71,4727.584684740739,4930.0,4930.0,5660.0,5220.0,4780.0,4930.0,5070.0,5300.0,4730.0,4310.0,3940.0,5300.0,5070.0,5080.0,4920.0,6030.0,6820.0
M72,4810.068098346482,2020.0,2480.0,2310.0,2500.0,1900.0,2370.0,1860.0,3160.0,3590.0,2160.0,2120.0,2160.0,2730.0,2500.0,2610.0,2520.0,1800.0
M73,4788.806419847957,4560.0,4600.0,4260.0,4520.0,4220.0,4490.0,4660.0,4560.0,4270.0,4860.0,4780.0,4680.0,5090.0,4810.0,4170.0,4590.0,6130.0
M74,4731.756805575076,7310.0,7480.0,8240.0,7370.0,7250.0,6700.0,7390.0,7410.0,7110.0,7310.0,7040.0,7450.0,6980.0,8040.0,7130.0,7290.0,7660.0
M75,4529.281893831696,6490.0,7020.0,6850.0,6970.0,6550.0,6170.0,6320.0,6990.0,6700.0,6940.0,5960.0,7210.0,6450.0,6760.0,6750.0,7390.0,7570.0
M76,4502.1674489215875,5730.0,5890.0,6320.0,5800.0,6090.0,6810.0,7010.0,6970.0,7030.0,7360.0,6900.0,5760.0,5800.0,6190.0,7540.0,6190.0,5760.0
M77,4539.6389017082065,6000.0,5620.0,5390.0,5800.0,6230.0,6090.0,5970.0,6060.0,6620.0,6530.0,6760.0,6520.0,5940.0,5710.0,6310.0,4440.0,5610.0
M78,4580.056273387243,4070.0,3490.0,4080.0,4960.0,4260.0,4250.0,5050.0,4020.0,4950.0,4100.0,3430.0,4220.0,3710.0,3790.0,3930.0,5380.0,6320.0
M79,4720.053299037914,4070.0,4860.0,5150.0,3760.0,4720.0,4250.0,3600.0,4860.0,3740.0,4190.0,5090.0,4800.0,5050.0,4760.0,4300.0,3850.0,3020.0
M80,4836.257090994355,2800.0,4520.0,4740.0,4060.0,3620.0,3910.0,4480.0,5300.0,4730.0,4720.0,4930.0,3790.0,3910.0,3650.0,4920.0,3970.0,4700.0
M81,4998.2909541692425,2280.0,2190.0,2870.0,2500.0,2520.0,1970.0,2740.0,3680.0,3590.0,2070.0,2370.0,1980.0,3090.0,3330.0,2300.0,1890.0,1980.0
M82,5196.1903819936815,5000.0,5260.0,4720.0,4920.0,4700.0,5040.0,4270.0,4390.0,4270.0,5140.0,4910.0,5140.0,4730.0,5000.0,5400.0,5500.0,5680.0
M83,5115.236252989467,3360.0,3170.0,3570.0,3860.0,3220.0,3640.0,3580.0,4210.0,3560.0,3810.0,3170.0,3090.0,3110.0,3010.0,3270.0,4210.0,4080.0
M84,5240.16698754834,4560.0,5160.0,4730.0,4690.0,5270.0,4640.0,5000.0,4440.0,4660.0,4710.0,5030.0,5110.0,4660.0,4760.0,5380.0,4440.0,4200.0
M85,5462.535699560545,5380.0,5730.0,5640.0,5070.0,5470.0,5820.0,5410.0,5150.0,5630.0,5030.0,5530.0,5460.0,5000.0,5280.0,4630.0,5960.0,5510.0
M86,5564.1337605985545,9279.0393,9569.9034,10099.1322,9860.5906,8731.1778,8952.5077,8494.2542,9026.8214,8632.4699,8194.3076,9415.663,9157.8404,9637.978,9985.5011,10439.0489,10182.6575,9044.557
M87,5867.758516661264,8410.0,8640.0,8740.0,8640.0,8300.0,8500.0,8240.0,8290.0,8020.0,7880.0,8360.0,8200.0,8380.0,8660.0,8680.0,8460.0,8330.0
M88,5845.177641292793,8560.0,8740.0,8810.0,8660.0,8380.0,8640.0,8420.0,8400.0,8060.0,8080.0,8530.0,8410.0,8590.0,8760.0,8720.0,8470.0,8420.0
M89,5670.533993521099,1227.312,1279.486,1211.041,1249.083,1119.467,1082.287,1061.911,1015.092,1057.552,1012.408,1058.682,1073.482,1139.086,1192.652,1146.1,1184.091,1123.935
M90,5485.604777963312,11841.12,12328.02,11651.29,12097.71,11018.11,10490.14,11308.57,10873.46,11026.32,11009.86,11486.69,11204.38,11158.21,11757.43,11159.5,11924.26,11219.56
M91,5265.382041517569,1636.12,1591.75,1566.24,1492.25,1458.21,1535.22,1598.21,1642.25,1612.81,1661.76,1729.26,1709.92,1689.94,1638.21,1616.69,1514.97,1500.47
M92,4895.833741001312,7673.15,7700.34,7863.37,7845.51,7836.54,7921.55,8021.68,8001.17,8011.79,8040.5,8027.0,8050.93,8157.71,8171.29,8193.68,8190.16,8192.4
M93,2474.99,2340.7,2111.34,2034.88,1950.78,1836.88,1756.12,1588.54,1744.26,1893.03,2014.24,2103.14,1989.22,1931.59,1975.23,2013.54,1963.94,2001.61
M94,4063.050348233906,2043.5,2055.6,2062.6,2060.9,2052.0,2045.8,2049.5,2048.6,2049.8,2084.9,2127.4,2170.5,2200.5,2216.0,2213.4,2196.4,2185.5
M95,3845.929860453515,2125.0,2555.0,2629.0,2286.0,1953.0,1656.0,1589.0,1387.0,1233.0,1167.0,1359.0,1763.0,2209.0,2458.0,2496.0,2229.0,1984.0
M96,4062.3764304923725,1356.8,1361.4,1356.6,1352.0,1350.3,1342.1,1325.6,1314.6,1319.1,1343.5,1368.3,1389.0,1404.2,1409.2,1409.4,1400.6,1387.1
M97,4289.534310094055,3298.0,3526.0,3438.0,2993.0,2643.0,2321.0,2109.0,1809.0,1698.0,1872.0,2389.0,3059.0,3644.0,3721.0,3315.0,2254.0,1353.0
M98,4101.343245038421,2491.8,2506.6,2512.1,2525.1,2532.0,2544.3,2537.1,2550.1,2574.4,2613.8,2636.1,2648.2,2658.3,2668.2,2681.1,2690.2,2693.6
M99,3769.2723464332807,4959.0,4902.0,4839.0,4528.0,4253.0,3845.0,3514.0,3121.0,3267.0,3892.0,4428.0,4739.0,4855.0,4895.0,4964.0,4657.0,4353.0
M100,3647.397041627437,2262.5,2247.3,2236.2,2246.4,2219.2,2219.0,2222.2,2218.0,2203.8,2231.2,2275.2,2299.2,2312.5,2327.1,2332.6,2321.6,2331.9
M101,3614.9201140070336,2313.8,2329.5,2350.0,2365.2,2359.9,2350.0,2363.0,2375.6,2399.6,2450.1,2469.4,2468.3,2437.1,2423.1,2415.1,2441.0,2442.1
M102,3656.0988973969224,15950.0,15190.0,15680.0,14530.0,14050.0,13590.0,13050.0,10530.0,9300.0,10120.0,12480.0,14380.0,14650.0,14710.0,14680.0,14110.0,13800.0
M103,3943.360223799993,2980.0,2688.0,2631.0,2549.0,2550.0,2379.0,2273.0,2231.0,2222.0,2209.0,2200.0,2174.0,2154.0,2342.0,2250.0,2415.0,2512.0
M104,4178.328316203873,1813.0,1751.0,1751.0,1751.0,1751.0,1751.0,1767.0,1765.0,1737.0,1737.0,1737.0,1737.0,1737.0,1737.0,1737.0,1737.0,1737.0
M105,4022.9306089029283,2585.0,2597.0,2573.0,2576.0,2573.0,2599.0,2605.0,2605.0,2661.0,2663.0,2653.0,2652.0,2654.0,2668.0,2631.0,2634.0,2639.0
M106,3851.1309751401814,1228.0,1243.0,1230.0,1232.0,1232.0,1246.0,1247.0,1247.0,1297.0,1297.0,1278.0,1278.0,1282.0,1300.0,1262.0,1262.0,1264.0
M107,3818.0792060087388,2161.0,2162.0,2162.0,2161.0,2172.0,2278.0,2286.0,2286.0,2289.0,2290.0,2320.0,2325.0,2335.0,2337.0,2343.0,2344.0,2347.0
M108,3275.2477862404785,2309.0,2309.0,2306.0,2303.0,2336.0,2534.0,2534.0,2534.0,2525.0,2525.0,2553.0,2562.0,2606.0,2604.0,2602.0,2606.0,2606.0
M109,2684.50288677779,9240.0,9240.0,9240.0,9240.0,9240.0,9370.0,9370.0,9370.0,9370.0,9370.0,9370.0,9600.0,9600.0,9490.0,9490.0,9600.0,9600.0
M110,2632.765903451237,2189.0,2189.0,2189.0,2179.0,2296.0,2303.0,2303.0,2303.0,2303.0,2303.0,2303.0,2303.0,2460.0,2460.0,2460.0,2460.0,2460.0
M111,3486.0848576995086,1532.0,1532.0,1532.0,1532.0,1532.0,1654.0,1654.0,1654.0,1654.0,1654.0,1677.0,1677.0,1677.0,1677.0,1677.0,1677.0,1677.0
M112,5150.080942884758,1566.0,1566.0,1566.0,1566.0,1566.0,1688.0,1688.0,1691.0,1691.0,1703.0,1787.0,1787.0,1787.0,1787.0,1787.0,1787.0,1787.0
M113,6673.8161255499845,2217.0,2217.0,2217.0,2217.0,2217.0,2324.0,2324.0,2324.0,2325.0,2337.0,2360.0,2360.0,2360.0,2360.0,2360.0,2360.0,2360.0
M114,7421.827012301746,3018.0,3048.0,2940.0,2887.0,2975.0,2912.0,2727.0,2696.0,2756.0,2702.0,2654.0,2464.0,2278.0,2202.0,2195.0,2229.0,2238.0
M115,7851.966836279642,1733.0,1733.0,1733.0,1733.0,1733.0,1741.0,1741.0,1743.0,1743.0,1743.0,1743.0,1744.0,1743.0,1743.0,1743.0,1743.0,1743.0
M116,8898.20097725591,1818.0,1829.0,1826.0,1827.0,1821.0,1836.0,1833.0,1828.0,1833.0,1832.0,1832.0,1832.0,1832.0,1832.0,1832.0,1832.0,1832.0
M117,10208.128341158696,23060.0,22920.0,22950.0,22940.0,22910.0,22940.0,23020.0,22880.0,22950.0,22940.0,23080.0,23130.0,23130.0,23600.0,23540.0,23610.0,23460.0
M118,10971.604795301628,20690.0,20210.0,19940.0,19670.0,19320.0,19160.0,18910.0,19020.0,19180.0,19520.0,19910.0,19910.0,19700.0,19810.0,19730.0,19640.0,19920.0
M119,11397.764910780526,19270.0,18970.0,18460.0,17930.0,17670.0,17700.0,17420.0,17560.0,17650.0,18130.0,18630.0,18760.0,18490.0,18510.0,18130.0,17980.0,18780.0
M120,11655.955653721165,3153.0,3114.0,2956.0,2809.0,2779.0,2797.0,2848.0,2983.0,3167.0,3313.0,3238.0,3263.0,3269.0,3187.0,3086.0,3188.0,3370.0
M121,11619.540697680735,18720.0,18420.0,17970.0,17490.0,17230.0,17250.0,16920.0,17000.0,16990.0,17410.0,17980.0,18120.0,17830.0,17890.0,17540.0,17330.0,18080.0
M122,11801.764438948063,17820.0,17070.0,16710.0,16440.0,16040.0,16650.0,16360.0,16190.0,15890.0,16270.0,16670.0,16080.0,15290.0,14890.0,14100.0,14470.0,15130.0
M123,11299.49981701794,17340.0,15680.0,16460.0,16030.0,16160.0,18740.0,21900.0,18570.0,17140.0,18350.0,20080.0,20550.0,16920.0,13970.0,13150.0,11310.0,10860.0
M124,9901.908646715101,4080.0,9670.0,12210.0,14270.0,25790.0,9470.0,6920.0,5030.0,10950.0,8530.0,6840.0,4830.0,3820.0,4810.0,4700.0,5410.0,11170.0
M125,8410.166261232758,9930.0,9150.0,9690.0,7900.0,7360.0,7350.0,8030.0,8340.0,8530.0,8850.0,10080.0,10110.0,8570.0,7560.0,6400.0,5830.0,7070.0
M126,7575.818305131179,1502.0,1384.0,1465.0,1194.0,1113.0,1112.0,1214.0,1262.0,1290.0,1338.0,1524.0,1529.0,1295.0,1143.0,968.0,882.0,1068.0
M127,6755.343933404739,2375.0,2464.0,2533.0,2422.0,2299.0,2208.0,2145.0,2146.0,2225.0,2174.0,2223.0,2232.0,2105.0,2294.0,2241.0,2284.0,2197.0
M128,5310.1501116484615,5551.0,3828.0,2779.0,2817.0,1320.0,1439.0,1562.0,1357.0,782.0,811.0,438.0,606.0,366.0,491.0,390.0,423.0,768.0
M129,3924.8442633899385,7276.0,5153.0,3603.0,3656.0,1193.0,1770.0,1627.0,1396.0,486.0,507.0,203.0,518.0,147.0,308.0,196.0,301.0,588.0
M130,3121.199620069264,2933.0,2896.0,2846.0,2782.0,2748.0,2652.0,3019.0,2804.0,2522.0,2409.0,2449.0,2557.0,2404.0,2401.0,2239.0,2503.0,2447.0
M131,2627.9136589677346,1224.0,1221.0,1216.0,1205.0,1188.0,1174.0,1176.0,1174.0,1177.0,1179.0,1191.0,1193.0,1187.0,1180.0,1169.0,1171.0,1176.0
M132,2272.477586236252,1174.0,1147.0,1139.0,1113.0,1108.0,1108.0,1105.0,1103.0,1106.0,1146.0,1192.0,1135.0,1092.0,1078.0,1066.0,1077.0,1091.0
M133,2259.604694680199,1007.0,961.0,927.0,901.0,851.0,801.0,768.0,781.0,788.0,841.0,895.0,907.0,876.0,904.0,896.0,884.0,895.0
M134,2093.9614568455704,847.0,794.0,772.0,747.0,681.0,606.0,572.0,591.0,609.0,672.0,727.0,738.0,702.0,732.0,741.0,742.0,743.0
M135,1758.769292792174,1065.0,1056.0,1046.0,1047.0,1057.0,1085.0,1091.0,1089.0,1092.0,1086.0,1090.0,1097.0,1099.0,1110.0,1095.0,1098.0,1104.0
M136,1587.95927315888,1069.0,1068.0,1073.0,1084.0,1114.0,1160.0,1175.0,1170.0,1158.0,1168.0,1167.0,1145.0,1138.0,1133.0,1146.0,1160.0,1169.0
M137,1660.8533631203652,1103.0,1109.0,1111.0,1111.0,1121.0,1138.0,1142.0,1136.0,1129.0,1136.0,1139.0,1131.0,1119.0,1113.0,1117.0,1125.0,1134.0
M138,1738.3002195225213,1798.0,1784.0,1775.0,1762.0,1754.0,1749.0,1747.0,1751.0,1762.0,1779.0,1790.0,1783.0,1774.0,1772.0,1774.0,1781.0,1787.0
M139,2510.2454390321896,1770.0,1747.0,1731.0,1717.0,1693.0,1672.0,1658.0,1664.0,1668.0,1691.0,1717.0,1722.0,1708.0,1719.0,1715.0,1712.0,1718.0
M140,3320.817546246629,2179.0,2169.0,2165.0,2183.0,2177.0,2166.0,2153.0,2149.0,2105.0,2054.0,2029.0,2028.0,2028.0,2014.0,2019.0,2085.0,2060.0
M141,3389.6522155969474,2600.0,2109.0,2070.0,1927.0,1794.0,1686.0,1450.0,1634.0,1799.0,1973.0,2059.0,1956.0,1854.0,1994.0,1972.0,1866.0,1952.0
M142,4136.795655016909,3508.0,2971.0,2870.0,2812.0,2493.0,2246.0,1938.0,2249.0,2491.0,2559.0,2752.0,2636.0,2530.0,2591.0,2699.0,2497.0,2627.0
M143,5632.080069632426,2399.0,2031.0,1963.0,1923.0,1705.0,1536.0,1325.0,1538.0,1704.0,1750.0,1882.0,1803.0,1730.0,1772.0,1846.0,1708.0,1797.0
M144,7088.6499004209,1858.0,1791.0,1791.0,1905.0,1878.0,1887.0,1791.0,1892.0,1865.0,1824.0,1888.0,1890.0,1790.0,1705.0,1870.0,1913.0,1943.0
M145,8494.916638548744,18850.0,18840.0,18750.0,18800.0,18790.0,18730.0,18780.0,18800.0,18770.0,18590.0,18580.0,18620.0,18610.0,18620.0,18610.0,18630.0,18570.0
M146,9177.671659889265,2458.0,2458.0,2459.0,2464.0,2465.0,2467.0,2477.0,2478.0,2478.0,2478.0,2484.0,2485.0,2489.0,2490.0,2490.0,2492.0,2492.0
M147,9100.267729946409,1106.0,1106.0,1100.0,1126.0,1125.0,1130.0,1128.0,1123.0,1117.0,1118.0,1114.0,1123.0,1125.0,1119.0,1129.0,1127.0,1129.0
M148,8941.213038188642,18960.0,18680.0,18510.0,18340.0,18130.0,17960.0,17830.0,17880.0,17970.0,18160.0,18380.0,18420.0,18390.0,18460.0,18420.0,18380.0,18460.0
M149,8790.157414180227,19100.0,18540.0,18070.0,17530.0,17000.0,16810.0,16670.0,16820.0,17050.0,18200.0,19320.0,19210.0,18630.0,18130.0,17520.0,17390.0,17480.0
M150,8744.376163773079,18760.0,18240.0,17950.0,17130.0,16410.0,16470.0,16170.0,16600.0,17010.0,17660.0,18130.0,18120.0,17540.0,17360.0,17200.0,17160.0,18570.0
M151,8039.3028258920385,18560.0,17600.0,17260.0,16750.0,16110.0,16880.0,16750.0,16940.0,16700.0,16900.0,17200.0,16700.0,15980.0,15410.0,14450.0,14830.0,15610.0
M152,7969.125313151793,1776.0,1764.0,1739.0,1637.0,1564.0,1510.0,1469.0,1529.0,1621.0,1719.0,1776.0,1816.0,1773.0,1788.0,1839.0,1799.0,1984.0
M153,8653.433840094965,1145.0,1092.0,1114.0,1102.0,1086.0,1120.0,1110.0,1145.0,1125.0,1084.0,1133.0,1147.0,1127.0,1096.0,1115.0,1112.0,1093.0
M154,7951.996133607323,1145.0,1092.0,1114.0,1102.0,1086.0,1120.0,1110.0,1145.0,1125.0,1084.0,1133.0,1147.0,1127.0,1097.0,1115.0,1112.0,1093.0
M155,6829.659410167744,1136.0,1136.0,1131.0,1126.0,1116.0,1122.0,1120.0,1119.0,1119.0,1121.0,1133.0,1136.0,1118.0,1118.0,1111.0,1112.0,1124.0
M156,5723.251162637481,2022.0,1983.0,1958.0,1930.0,1882.0,1858.0,1865.0,1864.0,1869.0,1895.0,1928.0,1924.0,1908.0,1890.0,1865.0,1869.0,1876.0
M157,4296.781800541705,1764.0,1682.0,1620.0,1570.0,1508.0,1453.0,1399.0,1420.0,1440.0,1505.0,1590.0,1607.0,1582.0,1614.0,1590.0,1547.0,1578.0
M158,3602.5661702560906,17860.0,17720.0,17450.0,16390.0,15600.0,15080.0,14640.0,15250.0,16230.0,17220.0,17730.0,18290.0,17890.0,18080.0,18590.0,18150.0,20100.0
M159,3590.5220854489435,2128.0,2050.0,2005.0,1940.0,1887.0,1946.0,1942.0,1976.0,1981.0,2021.0,2044.0,2002.0,1946.0,1887.0,1803.0,1848.0,1937.0
M160,3609.80871977524,1103.0,1054.0,1033.0,1006.0,1099.0,1229.0,1279.0,1289.0,1271.0,1264.0,1264.0,1335.0,1289.0,1362.0,1284.0,1279.0,1335.0
M161,3977.5249320639555,10020.0,9870.0,9710.0,9720.0,9600.0,9540.0,9570.0,9590.0,9560.0,9480.0,9380.0,10110.0,9670.0,9740.0,9640.0,9660.0,10130.0
M162,4320.538109777965,1285.0,1163.0,1134.0,1046.0,1364.0,1785.0,1936.0,1964.0,1911.0,1908.0,1959.0,1968.0,1948.0,2159.0,1937.0,1898.0,1959.0
M163,5026.9795057670035,1798.0,1726.0,1390.0,1227.0,1249.0,1379.0,1418.0,1563.0,1947.0,2263.0,2025.0,1928.0,1872.0,1781.0,1650.0,1765.0,2029.0
M164,5039.109143821579,1876.0,1799.0,1489.0,1397.0,1363.0,1443.0,1447.0,1537.0,1811.0,1979.0,1855.0,1740.0,1711.0,1623.0,1544.0,1686.0,1905.0
M165,4390.049271354201,756.0,753.0,547.0,473.0,489.0,527.0,546.0,623.0,785.0,869.0,843.0,803.0,811.0,809.0,660.0,814.0,1008.0
M166,4461.924199721777,1997.0,1981.0,1966.0,1935.0,1928.0,1877.0,1760.0,1486.0,1382.0,1369.0,1366.0,1372.0,1377.0,1377.0,1426.0,1428.0,1429.0
M167,4139.099865056895,9110.0,9040.0,8970.0,8830.0,8800.0,8560.0,8030.0,6780.0,6310.0,6240.0,6230.0,6260.0,6280.0,6280.0,6510.0,6510.0,6520.0
M168,3784.9382690014263,2281.0,2244.0,2189.0,2116.0,2142.0,2132.0,2145.0,2131.0,2165.0,2231.0,2230.0,2252.0,2253.0,2200.0,2214.0,2202.0,2211.0
M169,3841.4333849703708,18460.0,18210.0,18260.0,17950.0,17560.0,17570.0,17550.0,17850.0,17740.0,17830.0,17730.0,17940.0,18070.0,17930.0,18040.0,18560.0,18940.0
M170,3885.64521761558,1455.0,1464.0,1458.0,1454.0,1422.0,1421.0,1426.0,1419.0,1419.0,1410.0,1400.0,1404.0,1412.0,1412.0,1399.0,1425.0,1438.0
M171,3948.4793232076668,2955.0,2954.0,2954.0,2954.0,2954.0,2956.0,2955.0,2955.0,2955.0,2957.0,2957.0,2957.0,2959.0,2959.0,2959.0,2959.0,2959.0
M172,4017.063492812635,2001.0,2011.0,2011.0,2010.0,2010.0,2020.0,1995.0,1996.0,1996.0,2015.0,2015.0,2015.0,2014.0,2014.0,2023.0,2005.0,1980.0
M173,3719.8005535336756,1374.0,1370.0,1387.0,1382.0,1399.0,1390.0,1387.0,1381.0,1378.0,1381.0,1386.0,1407.0,1408.0,1432.0,1448.0,1489.0,1490.0
M174,3698.6599022224045,1431.0,1425.0,1416.0,1421.0,1413.0,1407.0,1397.0,1386.0,1379.0,1379.0,1387.0,1424.0,1436.0,1421.0,1431.0,1426.0,1446.0
M175,3575.88721095179,3008.0,3008.0,3008.0,2984.0,2954.0,2952.0,2898.0,2938.0,2938.0,2983.0,3074.0,3091.0,3140.0,3127.0,3114.0,3075.0,3098.0
M176,3160.0732339947444,1727.0,1717.0,1708.0,1708.0,1708.0,1690.0,1692.0,1692.0,1692.0,1692.0,1637.0,1637.0,1619.0,1619.0,1619.0,1619.0,1619.0
M177,3144.4075250974056,2413.0,2401.0,2392.0,2316.0,2318.0,2280.0,2277.0,2270.0,2293.0,2264.0,2261.0,2256.0,2240.0,2245.0,2224.0,2224.0,2226.0
M178,3131.907559780077,1986.0,1925.0,1916.0,1841.0,1799.0,1767.0,1766.0,1826.0,1830.0,1821.0,1834.0,1837.0,1840.0,1831.0,1824.0,1820.0,1823.0
M179,3143.116598039848,1986.0,1925.0,1916.0,1841.0,1799.0,1767.0,1766.0,1826.0,1830.0,1821.0,1834.0,1837.0,1840.0,1831.0,1824.0,1820.0,1823.0
M180,4049.306729216196,8897.0,8897.0,8900.0,8947.0,9116.0,9111.0,9114.0,9114.0,9114.0,9114.0,9348.0,9402.0,9416.0,9416.0,9416.0,9569.0,9597.0
M181,4898.787020791592,8897.0,8897.0,8900.0,8947.0,9116.0,9111.0,9114.0,9114.0,9114.0,9114.0,9348.0,9402.0,9416.0,9416.0,9416.0,9569.0,9597.0
M182,4915.121128865202,1038.0,1038.0,1038.0,1038.0,1038.0,1038.0,1038.0,1038.0,1038.0,1030.0,1037.0,998.0,997.0,1037.0,997.0,997.0,1002.0
M183,4958.915954303792,2996.0,2995.0,3016.0,3006.0,3011.0,3015.0,3038.0,3035.0,3033.0,3036.0,3029.0,3049.0,3073.0,3066.0,3055.0,3052.0,3081.0
M184,4942.794916364186,1660.0,1647.0,1645.0,1648.0,1649.0,1635.0,1630.0,1636.0,1633.0,1639.0,1634.0,1632.0,1621.0,1623.0,1645.0,1652.0,1641.0
M185,4906.424072422705,1984.0,1988.0,1988.0,1988.0,1998.0,1998.0,1998.0,2277.0,2192.0,2192.0,2195.0,2223.0,2223.0,2223.0,2224.0,2224.0,2220.0
M186,4549.636660359105,22570.0,22340.0,22360.0,22190.0,22320.0,22030.0,21970.0,21950.0,22180.0,22110.0,22310.0,22400.0,22550.0,22370.0,22340.0,22090.0,22090.0
M187,3937.1395732369856,2257.0,2234.0,2236.0,2219.0,2232.0,2203.0,2197.0,2195.0,2218.0,2211.0,2231.0,2240.0,2255.0,2237.0,2234.0,2209.0,2209.0
M188,3650.0992548461195,2870.0,2885.0,2928.0,2882.0,2827.0,2914.0,2923.0,2906.0,3030.0,3009.0,2966.0,2968.0,2966.0,2979.0,2963.0,2974.0,2969.0
M189,3577.391432419584,2321.0,2321.0,2321.0,2321.0,2321.0,2332.0,2345.0,2345.0,2345.0,2345.0,2352.0,2352.0,2328.0,2315.0,2328.0,2328.0,2328.0
M190,4210.251083943993,1691.0,1666.0,1668.0,1658.0,1647.0,1634.0,1669.0,1671.0,1667.0,1660.0,1654.0,1650.0,1643.0,1644.0,1639.0,1632.0,1608.0
M191,4917.399774265694,1408.0,1387.0,1389.0,1381.0,1371.0,1360.0,1390.0,1392.0,1388.0,1382.0,1377.0,1374.0,1368.0,1369.0,1364.0,1359.0,1339.0
M192,4056.9188678788414,912.0,912.0,918.0,923.0,923.0,920.0,906.0,912.0,912.0,912.0,912.0,912.0,912.0,927.0,922.0,930.0,929.0
M193,3165.943964456206,2182.0,2180.0,2177.0,2173.0,2168.0,2164.0,2154.0,2152.0,2151.0,2152.0,2158.0,2158.0,2166.0,2164.0,2169.0,2173.0,2196.0
M194,3122.8216266129193,864.0,893.0,890.0,866.0,833.0,785.0,776.0,767.0,783.0,812.0,848.0,896.0,994.0,979.0,989.0,1006.0,1065.0
M195,3062.74283209342,1425.0,1399.0,1357.0,1328.0,1301.0,1285.0,1295.0,1305.0,1354.0,1411.0,1482.0,1477.0,1577.0,1577.0,1660.0,1704.0,1751.0
M196,3018.165568062507,18420.0,18300.0,18280.0,18190.0,18150.0,18050.0,18020.0,18140.0,18120.0,18090.0,18110.0,18080.0,18070.0,18100.0,18000.0,17910.0,17840.0
M197,2999.875363202695,2196.0,2180.0,2174.0,2162.0,2154.0,2145.0,2134.0,2130.0,2131.0,2135.0,2148.0,2144.0,2149.0,2151.0,2157.0,2177.0,2183.0
M198,3329.1225967687888,1706.0,1733.0,1776.0,1858.0,1839.0,1826.0,1774.0,1825.0,1855.0,1901.0,1908.0,1896.0,1956.0,1952.0,1944.0,1957.0,1946.0
M199,3964.7920990467337,1737.0,1768.0,1816.0,1911.0,1889.0,1875.0,1815.0,1873.0,1906.0,1959.0,1967.0,1953.0,2021.0,2017.0,2008.0,2023.0,2010.0
M200,4834.118306041864,2355.0,2355.0,2354.0,2353.0,2355.0,2355.0,2355.0,2356.0,2356.0,2355.0,2356.0,2354.0,2356.0,2375.0,2354.0,2354.0,2354.0
M201,5395.730318173862,1394.0,1454.0,1549.0,1732.0,1688.0,1660.0,1545.0,1656.0,1720.0,1822.0,1838.0,1811.0,1942.0,1927.0,1918.0,1946.0,1921.0
M202,4694.99552699052,1548.0,1548.0,1548.0,1548.0,1548.0,1548.0,1541.0,1552.0,1558.0,1559.0,1559.0,1559.0,1559.0,1559.0,1559.0,1559.0,1559.0
M203,3989.71945521894,1112.0,1109.0,1111.0,1103.0,1113.0,1119.0,1125.0,1122.0,1107.0,1110.0,1104.0,1108.0,1105.0,1138.0,1138.0,1124.0,1121.0
M204,4758.359886447664,9110.0,9130.0,9180.0,9150.0,9190.0,9200.0,9250.0,9260.0,9250.0,9300.0,9350.0,9370.0,9290.0,9340.0,9400.0,9440.0,9510.0
M205,6264.851695056486,9240.0,9250.0,9800.0,9800.0,10080.0,9850.0,9380.0,9930.0,10520.0,10840.0,10320.0,10230.0,10160.0,10290.0,9920.0,10080.0,11050.0
M206,6998.703649653354,14670.0,14670.0,14330.0,14320.0,14280.0,14410.0,14400.0,14400.0,14390.0,14360.0,14390.0,14350.0,14350.0,14370.0,14350.0,14350.0,14350.0
M207,7023.323357546233,1098.0,1096.0,1087.0,1086.0,1084.0,1073.0,1067.0,1072.0,1077.0,1075.0,1082.0,1080.0,1075.0,1075.0,1073.0,1076.0,1078.0
M208,7027.026583399667,1929.0,1903.0,1888.0,1871.0,1850.0,1837.0,1825.0,1834.0,1847.0,1868.0,1889.0,1893.0,1886.0,1893.0,1894.0,1888.0,1905.0
M209,7022.487146520183,1760.0,1754.0,1751.0,1735.0,1725.0,1720.0,1723.0,1730.0,1742.0,1755.0,1754.0,1758.0,1761.0,1752.0,1765.0,1768.0,1787.0
M210,7059.6854207497145,20590.0,20990.0,20800.0,21070.0,19700.0,19090.0,18230.0,18520.0,18660.0,19110.0,19080.0,18670.0,18560.0,17510.0,17040.0,16510.0,15990.0
M211,6759.792205513097,19010.0,18740.0,18600.0,18420.0,18230.0,18090.0,17940.0,18040.0,18190.0,18400.0,18630.0,18670.0,18620.0,18700.0,18740.0,18660.0,18840.0
M212,5859.424703787619,2695.0,2695.0,2695.0,2695.0,2695.0,2695.0,2695.0,2695.0,2695.0,2695.0,2695.0,2695.0,2695.0,2695.0,2695.0,2695.0,2695.0
M213,5311.979768226226,1645.0,1645.0,1645.0,1645.0,1645.0,1645.0,1645.0,1645.0,1645.0,1645.0,1645.0,1645.0,1645.0,1645.0,1645.0,1645.0,1645.0
M214,5297.93903692597,1386.0,1386.0,1384.0,1385.0,1385.0,1380.0,1381.0,1379.0,1376.0,1375.0,1373.0,1376.0,1376.0,1376.0,1378.0,1377.0,1377.0
M215,5551.687631321433,1165.0,1165.0,1165.0,1165.0,1187.0,1359.0,1332.0,1332.0,1332.0,1369.0,1372.0,1417.0,1432.0,1459.0,1461.0,1461.0,1511.0
M216,5024.585745732598,9950.0,9750.0,9750.0,9620.0,9360.0,9260.0,9110.0,9190.0,9140.0,9170.0,9230.0,9140.0,9290.0,9290.0,9610.0,9630.0,9750.0
M217,3478.5897256569883,1203.0,1227.0,1226.0,1172.0,1171.0,1172.0,1169.0,1142.0,1145.0,1136.0,1136.0,1110.0,1114.0,1115.0,1115.0,1096.0,1095.0
M218,2714.7347341963323,1098.0,1076.0,1134.0,1140.0,1148.0,1159.0,1142.0,1119.0,1107.0,1124.0,1073.0,1113.0,1097.0,1104.0,1110.0,1085.0,1081.0
M219,2709.3170069899834,1531.0,1531.0,1531.0,1531.0,1532.0,1532.0,1533.0,1534.0,1541.0,1542.0,1543.0,1533.0,1533.0,1530.0,1530.0,1529.0,1529.0
M220,2736.940920576324,1159.0,1117.0,1143.0,1126.0,1099.0,1130.0,1141.0,1179.0,1160.0,1109.0,1162.0,1174.0,1144.0,1119.0,1136.0,1132.0,1106.0
M221,2749.646274208647,8620.0,8870.0,9120.0,9110.0,8830.0,8300.0,8590.0,8640.0,8670.0,8570.0,8480.0,8670.0,8660.0,8400.0,8620.0,8670.0,8510.0
M222,2392.1595099841743,1079.0,1067.0,1083.0,1084.0,1082.0,1056.0,1073.0,1062.0,1063.0,1063.0,1132.0,1129.0,1122.0,1087.0,1071.0,1038.0,1039.0
M223,2365.763957364542,1416.0,1371.0,1391.0,1312.0,1311.0,1321.0,1350.0,1405.0,1376.0,1385.0,1454.0,1489.0,1463.0,1424.0,1460.0,1360.0,1320.0
M224,2707.102372157846,1956.0,1847.0,1949.0,1828.0,1843.0,1807.0,1901.0,2079.0,1942.0,1920.0,1985.0,2045.0,1983.0,1907.0,2020.0,1841.0,1820.0
M225,2689.7695429914593,2254.0,2127.0,2058.0,2009.0,2109.0,2145.0,2142.0,2293.0,2213.0,2154.0,2405.0,2571.0,2478.0,2239.0,2285.0,2213.0,1997.0
M226,2691.3121667044547,1440.0,1393.0,1414.0,1333.0,1332.0,1343.0,1372.0,1428.0,1399.0,1407.0,1478.0,1513.0,1488.0,1448.0,1484.0,1382.0,1341.0
M227,2498.6486735074513,1416.0,1371.0,1391.0,1312.0,1310.0,1321.0,1350.0,1405.0,1376.0,1385.0,1454.0,1489.0,1463.0,1424.0,1460.0,1360.0,1320.0
M228,2338.1911370100916,1119.0,1133.0,1146.0,1131.0,1091.0,1139.0,1138.0,1151.0,1153.0,1143.0,1142.0,1123.0,1135.0,1163.0,1142.0,1154.0,1144.0
M229,2391.2310195202954,9400.0,9860.0,10530.0,9630.0,8490.0,9970.0,9790.0,9650.0,10210.0,9740.0,9770.0,9900.0,9720.0,10220.0,11100.0,10280.0,8970.0
M230,2364.9005195354575,1093.0,1105.0,1113.0,1103.0,1062.0,1109.0,1107.0,1127.0,1122.0,1112.0,1108.0,1081.0,1098.0,1130.0,1091.0,1118.0,1121.0
M231,2321.9040715198053,1120.0,1133.0,1146.0,1131.0,1091.0,1139.0,1138.0,1152.0,1153.0,1143.0,1142.0,1123.0,1135.0,1163.0,1142.0,1154.0,1145.0
M232,2290.573893635575,1607.0,1607.0,1607.0,1607.0,1607.0,1642.0,1642.0,1642.0,1658.0,1639.0,1635.0,1635.0,1635.0,1659.0,1706.0,1706.0,1706.0
M233,2591.821105331136,3548.0,3598.0,3585.0,3569.0,3592.0,3649.0,3635.0,3628.0,3583.0,3618.0,3673.0,3663.0,3673.0,3668.0,3691.0,3693.0,3689.0
M234,2915.8569657859007,2300.0,2238.0,2114.0,2244.0,2220.0,2379.0,2244.0,2241.0,2243.0,2255.0,2252.0,2251.0,2249.0,2253.0,2254.0,2259.0,2255.0
M235,2591.517325165618,1468.0,1463.0,1465.0,1455.0,1469.0,1476.0,1485.0,1481.0,1460.0,1464.0,1456.0,1461.0,1458.0,1503.0,1503.0,1484.0,1479.0
M236,2279.5951905761713,1272.0,1272.0,1348.0,1349.0,1387.0,1356.0,1291.0,1367.0,1447.0,1492.0,1420.0,1408.0,1398.0,1416.0,1364.0,1387.0,1520.0
M237,2359.3449390888645,1906.0,1855.0,1961.0,1940.0,1973.0,2007.0,1975.0,1920.0,1893.0,1930.0,1829.0,1921.0,1880.0,1894.0,1889.0,1839.0,1834.0
M238,2745.419311976785,1036.0,1039.0,1151.0,1290.0,1232.0,1200.0,1187.0,1182.0,1172.0,1161.0,1164.0,1134.0,1150.0,1149.0,1234.0,1233.0,1210.0
M239,3117.890092220552,9050.0,9060.0,9130.0,9110.0,9090.0,9100.0,9020.0,8900.0,8940.0,8920.0,8930.0,8930.0,8950.0,9110.0,8920.0,8730.0,8890.0
M240,3116.245760986145,1262.0,1259.0,1255.0,1258.0,1248.0,1246.0,1234.0,1232.0,1236.0,1228.0,1227.0,1230.0,1230.0,1235.0,1238.0,1239.0,1239.0
M241,3058.5803213085355,1473.0,1472.0,1444.0,1442.0,1434.0,1427.0,1432.0,1433.0,1432.0,1428.0,1426.0,1407.0,1409.0,1413.0,1493.0,1493.0,1492.0
M242,3031.61876794044,1534.0,1532.0,1521.0,1562.0,1566.0,1561.0,1587.0,1583.0,1603.0,1602.0,1607.0,1612.0,1611.0,1612.0,1629.0,1637.0,1642.0
M243,3309.331610357589,2593.0,2591.0,2571.0,2643.0,2646.0,2637.0,2686.0,2677.0,2712.0,2709.0,2714.0,2723.0,2722.0,2723.0,2754.0,2763.0,2771.0
M244,3645.5876856449204,9400.0,9200.0,9200.0,9200.0,9200.0,9240.0,9250.0,9250.0,9250.0,9250.0,9260.0,9260.0,9250.0,9250.0,9200.0,9200.0,9200.0
M245,1127.0,1123.0,1120.0,1120.0,1111.0,1111.0,1106.0,1105.0,1104.0,1106.0,1108.0,1112.0,1113.0,1106.0,1103.0,1106.0,1106.0,1106.0
M246,3090.8746965462888,1114.0,1124.0,1103.0,1119.0,1083.0,1089.0,1071.0,1073.0,1049.0,1048.0,1058.0,1029.0,1031.0,997.0,1005.0,980.0,1022.0
M247,3131.0350684054097,1270.0,1270.0,1266.0,1259.0,1256.0,1247.0,1253.0,1239.0,1231.0,1237.0,1239.0,1256.0,1259.0,1254.0,1247.0,1249.0,1248.0
M248,3151.9062074394665,823.0,753.0,764.0,719.0,636.0,539.0,503.0,561.0,622.0,705.0,776.0,762.0,737.0,739.0,793.0,760.0,837.0
M249,3088.319902986429,9020.0,9020.0,9320.0,8990.0,8930.0,10240.0,10260.0,10260.0,10130.0,10120.0,10080.0,10150.0,10170.0,10190.0,10180.0,10190.0,10180.0
M250,2722.159486147739,1992.0,2032.0,2024.0,2027.0,2090.0,2121.0,1990.0,1922.0,1941.0,1931.0,1859.0,2039.0,2174.0,2243.0,2221.0,2280.0,2189.0
M251,2522.7147057060897,1729.0,1584.0,1576.0,1512.0,1360.0,1144.0,1067.0,1159.0,1273.0,1433.0,1579.0,1545.0,1493.0,1510.0,1610.0,1574.0,1689.0
M252,2640.7225032088886,1635.0,1518.0,1478.0,1440.0,1364.0,1240.0,1178.0,1226.0,1309.0,1391.0,1446.0,1450.0,1440.0,1434.0,1481.0,1486.0,1585.0
M253,2649.3495456490737,2064.0,1993.0,2013.0,1909.0,1752.0,1617.0,1530.0,1616.0,1698.0,1852.0,1971.0,2010.0,1942.0,1978.0,2056.0,2057.0,2241.0
M254,2674.5594430395063,1444.0,1427.0,1417.0,1401.0,1378.0,1352.0,1335.0,1346.0,1357.0,1380.0,1394.0,1401.0,1394.0,1394.0,1403.0,1406.0,1439.0
M255,2701.832525627824,1157.0,1084.0,1091.0,1038.0,967.0,939.0,835.0,864.0,907.0,998.0,1070.0,1212.0,1133.0,1139.0,1138.0,1180.0,1197.0
M256,2684.9364851143328,2048.0,2049.0,2069.0,2009.0,2006.0,2027.0,2005.0,1954.0,1957.0,1961.0,2002.0,2070.0,2051.0,2065.0,2086.0,2124.0,2148.0
M257,2680.271410119486,7260.0,7030.0,6540.0,6080.0,6130.0,6430.0,5930.0,5480.0,5830.0,6150.0,6560.0,6920.0,6810.0,6950.0,6930.0,6700.0,8330.0
M258,2678.562824063014,1381.0,1482.0,1480.0,1428.0,1441.0,1459.0,1457.0,1457.0,1470.0,1493.0,1452.0,1442.0,1464.0,1442.0,1387.0,1353.0,1377.0
M259,2641.896246036665,1210.0,1208.0,1201.0,1202.0,1198.0,1179.0,1179.0,1184.0,1184.0,1188.0,1185.0,1177.0,1182.0,1186.0,1163.0,1163.0,1157.0
M260,2785.7735404096265,1488.0,1515.0,1510.0,1500.0,1486.0,1476.0,1444.0,1437.0,1469.0,1474.0,1481.0,1482.0,1469.0,1465.0,1462.0,1471.0,1499.0
M261,3118.948856770062,9010.0,8980.0,9000.0,8960.0,8820.0,8710.0,8560.0,8490.0,8370.0,8360.0,8050.0,8030.0,8010.0,8030.0,8040.0,8020.0,8000.0
M262,3873.072731058366,1597.0,1640.0,1620.0,1683.0,1472.0,1551.0,1504.0,1609.0,1628.0,1507.0,1560.0,1563.0,1457.0,1507.0,1568.0,1607.0,1520.0
M263,4338.986854039688,2012.0,1987.0,1904.0,1943.0,1877.0,1824.0,1803.0,2121.0,1790.0,1758.0,2011.0,1919.0,1803.0,1793.0,1831.0,1875.0,2090.0
M264,4402.268295166218,1311.0,935.0,977.0,862.0,958.0,1037.0,905.0,829.0,833.0,864.0,933.0,928.0,1102.0,808.0,819.0,827.0,932.0
M265,4555.417929826884,1508.0,1497.0,1489.0,1494.0,1498.0,1517.0,1518.0,1463.0,1455.0,1455.0,1455.0,1455.0,1455.0,1455.0,1455.0,1455.0,1459.0
M266,4710.5169692290065,5453.0,5467.0,5484.0,5513.0,5548.0,5560.0,5543.0,5573.0,5584.0,5589.0,5558.0,5588.0,5597.0,5584.0,5580.0,5614.0,5594.0
M267,4840.342494801194,5144.0,6144.0,6857.0,7324.0,6705.0,5922.0,6327.0,5252.0,4875.0,4326.0,4199.0,4559.0,4979.0,6347.0,6559.0,5698.0,5655.0
M268,4906.7332759502315,16160.0,16020.0,15830.0,15210.0,13130.0,15240.0,14520.0,15600.0,16410.0,15240.0,17970.0,17520.0,16930.0,16620.0,16170.0,16970.0,14840.0
M269,5189.27417065646,4330.0,3750.0,4470.0,4060.0,4140.0,4060.0,4080.0,4220.0,3730.0,5000.0,4570.0,3440.0,3820.0,3430.0,3970.0,4050.0,3880.0
M270,5546.65033828197,5830.0,4090.0,2850.0,2600.0,2680.0,3510.0,4950.0,5820.0,6490.0,6760.0,7260.0,7300.0,6440.0,4990.0,3340.0,2930.0,3060.0
M271,5821.695188729924,437.0,450.0,399.0,378.0,494.0,310.0,318.0,434.0,435.0,474.0,597.0,517.0,642.0,609.0,608.0,687.0,704.0
M272,5797.069688124904,5984.0,6007.0,6005.0,6614.0,6328.0,5661.0,4049.0,3207.0,2691.0,2569.0,4116.0,2862.0,3327.0,3250.0,3233.0,3565.0,3450.0
M273,5709.68751206416,7630.0,8247.0,8324.0,9084.0,8878.0,8056.0,6265.0,6264.0,6840.0,7344.0,8911.0,8272.0,9907.0,9937.0,9865.0,10234.0,9729.0
M274,5205.786282428673,4570.0,4500.0,4630.0,4600.0,4390.0,4150.0,3910.0,4470.0,4500.0,4690.0,4560.0,4480.0,4680.0,4570.0,4660.0,4780.0,4800.0
M275,4715.822433952482,5820.0,5920.0,5960.0,6200.0,5780.0,6170.0,5810.0,6490.0,6510.0,6180.0,5800.0,5750.0,6370.0,6620.0,6560.0,6770.0,6240.0
M276,4881.237681560381,6080.0,5850.0,6260.0,6370.0,5770.0,5190.0,6330.0,6720.0,6780.0,6090.0,5760.0,5730.0,5770.0,5960.0,6380.0,6510.0,6530.0
M277,5051.3695739632585,3340.0,3510.0,3940.0,4030.0,4450.0,5040.0,4170.0,2840.0,1670.0,1980.0,3000.0,3490.0,3610.0,2960.0,2370.0,3780.0,2350.0
M278,4973.515787981123,3030.0,2130.0,1730.0,1290.0,1250.0,1600.0,1550.0,2030.0,1800.0,2730.0,4240.0,4680.0,3350.0,2620.0,1920.0,1490.0,1430.0
M279,4663.029093895177,5470.0,6220.0,6840.0,7790.0,7340.0,5850.0,5580.0,5340.0,4560.0,4970.0,5660.0,5310.0,5960.0,6230.0,7440.0,7820.0,7400.0
M280,4532.628171473829,3740.0,4230.0,4660.0,5050.0,5910.0,5620.0,5040.0,5860.0,5050.0,4690.0,4090.0,3400.0,3060.0,5760.0,5880.0,6570.0,4370.0
M281,4821.371585074123,4990.0,4680.0,5720.0,5390.0,5760.0,6410.0,6760.0,6570.0,6230.0,6540.0,6330.0,5920.0,6340.0,6300.0,6360.0,6320.0,6410.0
M282,5230.52666459383,9140.0,9020.0,7480.0,7610.0,7580.0,7220.0,7080.0,6350.0,5970.0,5760.0,6080.0,6570.0,6930.0,6920.0,7580.0,6950.0,7360.0
M283,5407.5942442718915,1210.0,1340.0,1520.0,1730.0,1900.0,2000.0,2170.0,2570.0,3130.0,3710.0,4220.0,4620.0,4840.0,4950.0,4830.0,4700.0,4330.0
M284,5451.964932222165,3341.0,4830.0,5021.0,4550.0,4480.0,4108.0,3925.0,3790.0,3862.0,3029.0,2714.0,2769.0,3228.0,4678.0,5128.0,4867.0,5488.0
M285,5586.331113187549,2820.0,2170.0,4020.0,5070.0,5780.0,5690.0,8210.0,7520.0,7360.0,6220.0,5440.0,4210.0,4620.0,2270.0,1720.0,2310.0,2280.0
M286,5792.331841406509,6250.0,6400.0,6150.0,5100.0,4400.0,8010.0,3920.0,4180.0,4940.0,5680.0,5170.0,5390.0,4490.0,4310.0,4640.0,3420.0,2310.0
M287,5806.717612019329,11070.0,12260.0,9090.0,9020.0,8540.0,10070.0,12020.0,12900.0,14280.0,12870.0,11540.0,11420.0,8750.0,8340.0,7270.0,6040.0,6500.0
M288,5371.206805220408,10650.0,10650.0,10500.0,10430.0,9980.0,9310.0,9000.0,8800.0,8600.0,8910.0,9470.0,10100.0,10660.0,11010.0,10990.0,11040.0,10700.0
M289,5051.9072279839875,3020.0,3003.0,2637.0,2992.0,3287.0,3218.0,3280.0,3386.0,1587.0,1320.0,3248.0,3016.0,3008.0,3236.0,2398.0,2447.0,3774.0
M290,4965.5958788397775,4415.0,4421.0,4912.0,5152.0,5440.0,5774.0,4926.0,5400.0,3767.0,3516.0,3411.0,3673.0,3695.0,4149.0,4417.0,4505.0,4450.0
M291,4788.863336062433,7310.0,6880.0,6840.0,6690.0,6500.0,6650.0,6460.0,7760.0,7360.0,7800.0,8000.0,7210.0,7970.0,7460.0,7370.0,6940.0,6130.0
M292,4588.462548538984,6844.0,9420.0,10180.0,9196.0,8965.0,8758.0,8023.0,8009.0,7851.0,6726.0,6081.0,6172.0,6495.0,8956.0,9501.0,9049.0,10602.0
M293,4322.245310122178,2231.0,2677.0,3628.0,3188.0,2982.0,3242.0,2784.0,2607.0,2822.0,2629.0,2483.0,2419.0,2284.0,2971.0,3052.0,2964.0,3452.0
M294,3891.0286710536975,1446.0,1117.0,1313.0,1198.0,929.0,779.0,880.0,1231.0,1614.0,1696.0,1524.0,1497.0,1439.0,1432.0,1612.0,1179.0,934.0
M295,3521.5035272749137,1240.0,1370.0,1550.0,1760.0,1930.0,2050.0,2230.0,2650.0,3230.0,3830.0,4360.0,4770.0,5000.0,5110.0,4980.0,4850.0,4460.0
M296,3462.1683914080213,1240.0,900.0,740.0,580.0,440.0,480.0,380.0,380.0,360.0,370.0,390.0,430.0,460.0,510.0,460.0,400.0,330.0
M297,3592.4220779121574,680.0,770.0,890.0,1060.0,1240.0,1370.0,1420.0,1670.0,2050.0,2490.0,2940.0,3360.0,3600.0,3700.0,3600.0,3480.0,3320.0
M298,3858.533527772554,3580.0,7600.0,6880.0,4080.0,6720.0,4810.0,1300.0,2830.0,1330.0,1440.0,3020.0,2010.0,2560.0,5040.0,3580.0,6130.0,8930.0
M299,4542.854966130433,7350.0,7720.0,7560.0,7590.0,7120.0,7290.0,7300.0,7200.0,8040.0,8350.0,8790.0,9210.0,9360.0,9690.0,9540.0,10200.0,9740.0
M300,5190.8224006569635,4019.9,5615.3,5730.3,5274.2,5174.9,4669.7,4452.8,4293.9,4314.8,3436.3,3207.4,3317.3,3781.9,5366.2,5694.2,5270.3,5952.6
M301,5493.385825530017,780.9,741.7,704.4,680.2,677.8,681.7,667.2,607.1,548.3,495.4,426.2,371.4,332.9,295.5,280.7,235.9,217.6
M302,5731.548737922364,5230.0,5270.0,5530.0,5260.0,4720.0,4920.0,5090.0,5160.0,5190.0,5430.0,5470.0,5030.0,5430.0,5430.0,5640.0,5360.0,4870.0
M303,5929.097800714303,9620.0,11100.0,8640.0,8670.0,7730.0,10150.0,9670.0,12280.0,13370.0,10780.0,9330.0,13690.0,17290.0,15940.0,17380.0,6860.0,6210.0
M304,5966.737425285766,10920.0,11900.0,11180.0,11200.0,11060.0,10680.0,11430.0,12200.0,12070.0,11140.0,10950.0,11780.0,11620.0,10690.0,11400.0,10430.0,10860.0
M305,5641.925098593361,14580.0,13230.0,10430.0,8810.0,10920.0,11170.0,12440.0,14040.0,14300.0,15330.0,15620.0,15240.0,15130.0,14930.0,11680.0,9530.0,11440.0
M306,5504.619363989505,4649.0,4800.0,5198.0,5238.0,5386.0,5475.0,5352.0,4891.0,4698.0,4646.0,4137.0,4686.0,4774.0,5408.0,5711.0,5594.0,5525.0
M307,5673.745498045493,5299.0,6031.0,6131.0,6059.0,6417.0,5911.0,5887.0,5366.0,5495.0,5047.0,4543.0,5291.0,5225.0,6147.0,6387.0,6569.0,6617.0
M308,5806.208463143872,2897.0,3503.0,3711.0,4172.0,3834.0,4032.0,4185.0,3649.0,3529.0,3440.0,2782.0,3040.0,2954.0,3460.0,3627.0,3913.0,2769.0
M309,5517.585381934634,3764.0,4350.0,4524.0,4853.0,4701.0,4688.0,4858.0,4418.0,4170.0,4267.0,3475.0,3654.0,3657.0,4211.0,4426.0,4626.0,4467.0
M310,5316.030253363628,1400.0,1420.0,1390.0,1380.0,1190.0,1160.0,1410.0,1550.0,1580.0,1500.0,1350.0,1380.0,1400.0,1460.0,1460.0,1480.0,1460.0
M311,4916.668980996572,1735.0,1827.0,1764.0,1843.0,1906.0,1898.0,2034.0,1807.0,1743.0,1746.0,1717.0,1923.0,1889.0,1994.0,1877.0,2010.0,2043.0
M312,4227.115562785287,6340.0,6280.0,6630.0,6180.0,6240.0,6320.0,5920.0,6590.0,6350.0,6530.0,6210.0,6510.0,6510.0,6360.0,6580.0,6240.0,6350.0
M313,3971.52726675995,2520.0,2660.0,2830.0,2600.0,2540.0,2560.0,2350.0,2570.0,2420.0,2380.0,2460.0,2520.0,2330.0,2520.0,2680.0,2450.0,2450.0
M314,3813.3465547883056,6670.0,6670.0,6720.0,6750.0,6600.0,6580.0,6550.0,6680.0,6650.0,6610.0,6680.0,6650.0,6640.0,6610.0,6680.0,6730.0,6680.0
M315,3904.700609508366,1254.0,1259.0,1282.0,1314.0,1302.0,1271.0,1266.0,1263.0,1275.0,1221.0,1227.0,1212.0,1218.0,1236.0,1247.0,1251.0,1271.0
M316,4154.965755487974,14450.0,14340.0,15520.0,14390.0,13440.0,13710.0,13500.0,13660.0,14390.0,13420.0,13230.0,14100.0,14060.0,14610.0,15750.0,14010.0,13090.0
M317,4381.583524624966,1465.0,1474.0,1538.0,1669.0,1689.0,1696.0,1640.0,1626.0,1561.0,1803.0,1623.0,1653.0,1828.0,1771.0,1860.0,1905.0,2067.0
M318,4278.219700750676,1214.0,1279.0,1344.0,1280.0,1427.0,1378.0,1190.0,1255.0,1156.0,1115.0,1149.0,1189.0,1116.0,1182.0,1266.0,1168.0,1240.0
M319,4023.4684896591125,2600.0,2600.0,2600.0,2600.0,2600.0,2600.0,2600.0,2650.0,2700.0,2700.0,2700.0,2700.0,2700.0,2700.0,2700.0,2700.0,2700.0
M320,4038.00239647966,1800.0,1800.0,1800.0,1800.0,1800.0,1800.0,1800.0,1800.0,1800.0,1770.0,1750.0,1750.0,1750.0,1750.0,1750.0,1750.0,1750.0
M321,4085.9986538129533,7054.0,6744.0,7268.0,7409.0,7113.0,7649.0,7459.0,7775.0,7441.0,7064.0,7039.0,6951.0,7597.0,7492.0,7950.0,7598.0,6707.0
M322,3604.5180858358312,4116.0,4884.0,6126.0,6052.0,6575.0,6348.0,5788.0,6259.0,5834.0,6242.0,5949.0,5610.0,5087.0,5917.0,6725.0,6292.0,6471.0
M323,3481.0781366022234,4457.0,5519.0,6221.0,5698.0,5625.0,5743.0,4985.0,5346.0,5002.0,5259.0,4775.0,4518.0,3425.0,4198.0,5231.0,5089.0,5711.0
M324,3850.1613528601283,1137.0,1139.0,1119.0,1108.0,1113.0,1130.0,1112.0,1094.0,1079.0,1079.0,1084.0,1058.0,1069.0,1112.0,1070.0,1052.0,1066.0
M325,3802.951156420301,1609.0,1586.0,1482.0,1560.0,1367.0,1342.0,1273.0,1227.0,1291.0,1326.0,1484.0,1380.0,1428.0,1444.0,1402.0,1544.0,1457.0
M326,3719.2000904903507,7930.0,7760.0,8640.0,7940.0,7480.0,7400.0,6470.0,7300.0,7480.0,7590.0,7340.0,7570.0,8030.0,8300.0,9080.0,8490.0,8300.0
M327,3869.27838088075,1146.0,1215.0,1286.0,1192.0,1175.0,1033.0,983.0,1151.0,1099.0,1115.0,1159.0,1199.0,1296.0,1345.0,1431.0,1365.0,1231.0
M328,3924.0391645480286,3002.0,3010.0,3017.0,3052.0,3083.0,3103.0,3177.0,3321.0,3357.0,3492.0,3631.0,3723.0,4048.0,4205.0,4193.0,4257.0,4206.0
M329,3742.419554005286,9950.0,9940.0,10030.0,10300.0,10450.0,10740.0,10680.0,10640.0,10450.0,10420.0,10780.0,10810.0,10870.0,10440.0,10250.0,10180.0,10280.0
M330,3825.3463828677186,1587.0,1588.0,1599.0,1622.0,1624.0,1627.0,1642.0,1651.0,1658.0,1678.0,1659.0,1636.0,1633.0,1633.0,1640.0,1648.0,1647.0
M331,4138.195778070497,1094.0,1008.0,979.0,1019.0,1017.0,981.0,972.0,982.0,980.0,953.0,941.0,943.0,942.0,935.0,943.0,940.0,938.0
M332,4055.323951736609,1296.0,1303.0,1350.0,1322.0,1328.0,1276.0,1302.0,1297.0,1271.0,1254.0,1271.0,1332.0,1328.0,1350.0,1384.0,1377.0,1370.0
M333,4183.822157191433,11160.0,11620.0,11570.0,11260.0,11140.0,11150.0,10760.0,10560.0,10880.0,11000.0,10440.0,10020.0,10290.0,10500.0,10430.0,10070.0,9700.0
M334,4507.391964316013,1325.0,1313.0,1288.0,1310.0,1320.0,1331.0,1329.0,1323.0,1325.0,1337.0,1322.0,1322.0,1329.0,1374.0,1364.0,1348.0,1333.0
M335,4094.095319833628,2890.0,2890.0,2890.0,2910.0,2920.0,2950.0,2970.0,2960.0,2960.0,2960.0,2970.0,2990.0,3010.0,3000.0,3000.0,3000.0,3010.0
M336,1598.0,1637.0,1669.0,1669.0,1688.0,1724.0,1767.0,1792.0,1793.0,1792.0,1790.0,1778.0,1760.0,1749.0,1748.0,1748.0,1743.0,1741.0
M337,5405.059215232535,5560.0,5470.0,6440.0,5730.0,5150.0,4820.0,4730.0,4560.0,4460.0,4720.0,4950.0,4700.0,5130.0,5450.0,5820.0,5470.0,5530.0
M338,5763.8587449949155,1990.0,1990.0,1990.0,2010.0,2020.0,2020.0,2010.0,2020.0,2020.0,2030.0,2030.0,2030.0,2040.0,2050.0,2060.0,2070.0,2100.0
M339,5708.825098159335,10170.0,10080.0,10410.0,10460.0,10240.0,9870.0,9890.0,9830.0,9820.0,9890.0,9810.0,9680.0,9380.0,9160.0,8970.0,8950.0,8920.0
M340,5643.093267149043,1744.0,1767.0,1786.0,1804.0,1849.0,1875.0,1881.0,1888.0,1890.0,1888.0,1882.0,1879.0,1881.0,1891.0,1912.0,1915.0,1917.0
M341,5999.359202543013,1289.0,1292.0,1300.0,1297.0,1298.0,1327.0,1348.0,1367.0,1377.0,1385.0,1393.0,1401.0,1403.0,1416.0,1425.0,1419.0,1412.0
M342,5945.16647449846,21390.0,21970.0,21890.0,21780.0,22140.0,22620.0,22820.0,22860.0,22860.0,22770.0,22560.0,22380.0,22260.0,22310.0,22360.0,22450.0,22400.0
M343,5714.104583709868,1612.0,1640.0,1635.0,1651.0,1690.0,1731.0,1755.0,1758.0,1761.0,1762.0,1755.0,1751.0,1744.0,1742.0,1743.0,1741.0,1739.0
M344,6096.633042226189,9390.0,8650.0,8260.0,7580.0,6800.0,3870.0,6830.0,9030.0,10370.0,8340.0,8080.0,8200.0,9310.0,10140.0,11090.0,10900.0,7160.0
M345,6967.042644732186,1746.0,1617.0,1394.0,1312.0,1575.0,1720.0,1995.0,1774.0,1761.0,1383.0,1292.0,1320.0,1343.0,1264.0,1217.0,884.0,1084.0
M346,7547.01615308506,9160.0,9970.0,9680.0,11290.0,8640.0,11300.0,12010.0,13530.0,14480.0,14560.0,14750.0,15170.0,16430.0,18960.0,20270.0,17580.0,18140.0
M347,8474.850056629664,3604.0,3522.0,3677.0,3897.0,4388.0,4397.0,3271.0,4031.0,3802.0,4158.0,4009.0,4021.0,3422.0,3431.0,4042.0,3743.0,4155.0
M348,8316.263044941548,2680.0,2340.0,2560.0,2230.0,2650.0,2710.0,2420.0,2380.0,2230.0,2290.0,2310.0,2400.0,2410.0,2340.0,2460.0,2570.0,2420.0
M349,7494.683117989376,2029.0,2094.0,2047.0,1904.0,1931.0,1757.0,1947.0,2012.0,2085.0,2025.0,2147.0,1905.0,2089.0,2122.0,2088.0,2101.0,2014.0
M350,7276.025821512461,14702.0,15257.0,13584.0,13930.0,15660.0,13279.0,14138.0,17704.0,20689.0,18304.0,17586.0,14470.0,12525.0,15215.0,18184.0,19604.0,18361.0
M351,7076.070098827878,18348.0,18878.0,18898.0,19418.0,18426.0,18487.0,18503.0,19902.0,21378.0,19618.0,21391.0,19727.0,21484.0,22660.0,21749.0,23158.0,23592.0
M352,6982.831969717446,7485.0,8232.0,8066.0,8565.0,8085.0,7729.0,7517.0,7287.0,8204.0,7691.0,8279.0,7555.0,8288.0,9556.0,8996.0,10136.0,10038.0
M353,6749.680326181691,17814.0,23766.0,19773.0,21452.0,21903.0,20570.0,21711.0,22346.0,24284.0,25294.0,23199.0,24694.0,23413.0,25186.0,24930.0,28153.0,25757.0
M354,6678.6355088751125,1057.0,1109.0,1326.0,1405.0,1850.0,1045.0,1309.0,1511.0,1271.0,814.0,728.0,1106.0,1098.0,1102.0,1190.0,1282.0,1593.0
M355,6741.332569614769,2227.0,2356.0,2329.0,2303.0,2285.0,2486.0,2653.0,2830.0,3059.0,3292.0,2820.0,3036.0,2880.0,3034.0,3063.0,3207.0,2884.0
M356,6248.178785324871,3526.0,3889.0,3852.0,3826.0,3515.0,3709.0,3534.0,3878.0,3871.0,4214.0,3978.0,4519.0,3992.0,4125.0,4080.0,4073.0,3927.0
M357,5071.102166851607,2810.0,2470.0,2640.0,2840.0,2650.0,2880.0,2310.0,2020.0,2170.0,2430.0,2430.0,2390.0,2800.0,2530.0,2390.0,2740.0,2790.0
M358,4184.2975384369165,5860.0,5090.0,5460.0,5880.0,5500.0,5980.0,4740.0,4160.0,4410.0,4980.0,4940.0,4830.0,5660.0,5190.0,4860.0,5620.0,5670.0
M359,3262.173654409236,1310.0,1490.0,1470.0,1570.0,1540.0,1420.0,1450.0,1440.0,1400.0,1510.0,1690.0,1380.0,1800.0,1620.0,1490.0,1740.0,1750.0
M360,2727.876559921786,3269.0,2106.0,2219.0,3555.0,3845.0,3850.0,2920.0,2932.0,3833.0,3482.0,2780.0,2615.0,2726.0,2628.0,2220.0,1472.0,1929.0
M361,3153.307463838766,2945.0,2763.0,2909.0,2498.0,2562.0,2393.0,2182.0,2357.0,2479.0,2592.0,2520.0,2770.0,2503.0,2661.0,3108.0,2909.0,2698.0
M362,3372.1415094687263,1950.0,1740.0,1920.0,1830.0,2010.0,2030.0,1770.0,1840.0,1960.0,1880.0,1740.0,2130.0,1990.0,1910.0,1990.0,1950.0,1960.0
M363,3397.6618943621797,2850.0,1740.0,1800.0,2800.0,3060.0,3180.0,2970.0,3350.0,3900.0,3670.0,2900.0,2560.0,2760.0,2630.0,1900.0,1830.0,2060.0
M364,3453.71926120186,1700.0,1890.0,2130.0,1820.0,1820.0,1710.0,1690.0,1690.0,1660.0,1760.0,1520.0,1690.0,1670.0,1870.0,1970.0,1620.0,1650.0
M365,3454.8595339957274,1470.0,1810.0,1580.0,1700.0,1860.0,1300.0,2140.0,1910.0,1670.0,1570.0,1510.0,1280.0,1370.0,1690.0,1420.0,1730.0,1920.0
M366,3779.0858529280795,4580.0,5040.0,4550.0,4190.0,5670.0,3650.0,4480.0,5390.0,4720.0,3510.0,4660.0,4270.0,4690.0,4610.0,4400.0,4410.0,5890.0
M367,3987.0996180665843,8914.0,10026.0,11000.0,10150.0,9801.0,9836.0,10270.0,11523.0,10987.0,11332.0,11089.0,12174.0,10304.0,11567.0,11780.0,11266.0,10282.0
M368,3894.2209608141757,2090.0,3690.0,5680.0,4610.0,5960.0,6990.0,6350.0,3050.0,4030.0,1750.0,1760.0,2230.0,2750.0,4060.0,4550.0,3640.0,6900.0
M369,4030.9017247013976,4858.0,4470.0,5132.0,6009.0,5089.0,5297.0,4180.0,2737.0,4372.0,4313.0,3616.0,4571.0,4988.0,6491.0,5873.0,6348.0,7683.0
M370,4155.9125073185605,5157.0,6197.0,5331.0,4773.0,2847.0,3283.0,3738.0,3345.0,3873.0,2390.0,4233.0,6961.0,6415.0,5080.0,4856.0,4620.0,1892.0
M371,4400.921176590222,2040.0,2102.0,3683.0,4193.0,5134.0,3509.0,3322.0,3954.0,2754.0,2412.0,3063.0,795.0,821.0,1316.0,2129.0,1701.0,1974.0
M372,4542.772389256183,10320.0,10610.0,10920.0,11130.0,11260.0,11300.0,11350.0,11580.0,11460.0,11400.0,11240.0,11160.0,11080.0,11060.0,11200.0,11070.0,10850.0
M373,4364.817049472602,885.8,841.5,745.4,681.8,3417.7,870.3,606.9,777.4,817.9,1044.8,1030.8,859.9,762.6,730.9,783.5,653.1,654.6
M374,4609.160179945773,1780.0,1720.0,1800.0,1760.0,1700.0,1810.0,1760.0,1780.0,1780.0,1800.0,1800.0,1780.0,1810.0,1800.0,1850.0,1950.0,1990.0
M375,5128.823097607422,6300.0,6100.0,6200.0,6400.0,6800.0,7100.0,7300.0,7400.0,7600.0,7800.0,7400.0,7200.0,6800.0,6500.0,6400.0,6800.0,6800.0
M376,5345.719746854114,1250.0,1250.0,1250.0,1250.0,1250.0,1250.0,1250.0,1250.0,1250.0,1250.0,1250.0,1250.0,1250.0,1250.0,1250.0,1250.0,1250.0
M377,5314.132457915874,7800.0,8390.0,8550.0,9230.0,9080.0,9230.0,8640.0,8580.0,8170.0,8600.0,8640.0,8730.0,9030.0,9360.0,9270.0,9700.0,9370.0
M378,4899.540723538434,1654.0,1587.0,1595.0,1757.0,1775.0,1727.0,1644.0,1629.0,1564.0,1684.0,1695.0,1662.0,1609.0,1400.0,1413.0,1548.0,1540.0
M379,4829.758626252282,7570.0,6280.0,5750.0,7980.0,8530.0,7720.0,6130.0,6010.0,7080.0,8380.0,8620.0,7860.0,6560.0,5110.0,5280.0,7030.0,7300.0
M380,5132.695371740701,9300.0,9490.0,9810.0,9830.0,9520.0,9470.0,9230.0,9520.0,9540.0,9660.0,9860.0,9740.0,9570.0,9410.0,9350.0,9160.0,8820.0
M381,4964.862655876535,10120.0,10730.0,10940.0,11360.0,11430.0,11270.0,10880.0,11120.0,10780.0,11670.0,12280.0,12120.0,12180.0,11170.0,10780.0,11380.0,11100.0
M382,4929.690034893301,5100.0,4250.0,3960.0,7450.0,8420.0,5960.0,4030.0,3960.0,5100.0,7560.0,8270.0,6640.0,4470.0,3700.0,4060.0,7260.0,7600.0
M383,4828.424039538182,1339.0,1332.0,1343.0,1325.0,1357.0,1359.0,1324.0,1414.0,1426.0,1485.0,1515.0,1567.0,1477.0,1429.0,1450.0,1483.0,1510.0
M384,4630.327064752708,1071.0,1058.0,1033.0,1006.0,1033.0,1034.0,1048.0,1091.0,1097.0,1098.0,1088.0,1104.0,1124.0,1124.0,1147.0,1165.0,1180.0
M385,4407.593306718054,8460.0,8540.0,8640.0,8730.0,8710.0,8840.0,8980.0,9080.0,9250.0,9260.0,9400.0,9460.0,9430.0,9400.0,9300.0,9210.0,9100.0
M386,4139.203332384304,1476.0,1630.0,1468.0,1534.0,1581.0,1596.0,1668.0,1790.0,1982.0,1810.0,1712.0,1862.0,1660.0,1692.0,1632.0,1704.0,1675.0
M387,4160.861070541378,2576.0,2566.0,2577.0,2578.0,2613.0,2674.0,2780.0,2805.0,2804.0,2826.0,2841.0,2868.0,2876.0,2850.0,2854.0,2846.0,2886.0
M388,4305.018676066666,4130.0,4150.0,4200.0,4240.0,4130.0,4070.0,4010.0,3950.0,3990.0,3990.0,3950.0,3970.0,4020.0,4050.0,4080.0,4050.0,4120.0
M389,4434.653589316932,2490.0,2470.0,2480.0,2460.0,2490.0,2510.0,2500.0,2480.0,2470.0,2520.0,2530.0,2550.0,2510.0,2520.0,2550.0,2540.0,2550.0
M390,4544.648237892301,2210.0,2240.0,2280.0,2310.0,2300.0,2240.0,2210.0,2190.0,2160.0,2080.0,2080.0,2110.0,2150.0,2200.0,1990.0,2160.0,2170.0
M391,4387.179480394994,1668.0,1734.0,1710.0,1737.0,1774.0,1753.0,1720.0,1728.0,1682.0,1644.0,1602.0,1569.0,1543.0,1528.0,1486.0,1487.0,1449.0
M392,4181.59516965112,8760.0,9230.0,9150.0,9790.0,9790.0,9990.0,9480.0,9710.0,9390.0,9680.0,9910.0,10080.0,10230.0,10480.0,10480.0,11100.0,11100.0
M393,4314.843110499925,11180.0,11180.0,11000.0,10810.0,10650.0,10630.0,10520.0,10380.0,11460.0,11760.0,11970.0,12900.0,11970.0,11890.0,11730.0,11780.0,11620.0
M394,4318.759401160235,7500.0,7200.0,6910.0,6250.0,7320.0,8010.0,8890.0,9420.0,8910.0,8670.0,9190.0,9880.0,10070.0,9530.0,9330.0,8840.0,9950.0
M395,4196.683030260534,2050.0,2740.0,3120.0,2240.0,1800.0,1800.0,1530.0,1540.0,2310.0,1690.0,1370.0,1500.0,1860.0,2560.0,2710.0,2130.0,1700.0
M396,4192.602293276685,3000.0,2563.0,2807.0,2642.0,2695.0,2541.0,2514.0,2559.0,2641.0,3187.0,3414.0,2958.0,2619.0,2260.0,2468.0,2285.0,2386.0
M397,4443.15316576308,2752.0,2755.0,2776.0,2779.0,2765.0,2749.0,2757.0,2687.0,2647.0,2721.0,2744.0,2776.0,2846.0,2835.0,2853.0,2847.0,2797.0
M398,4363.902964940784,2250.0,2676.0,2727.0,2750.0,2751.0,2758.0,2781.0,2788.0,2790.0,2808.0,2787.0,2537.0,2509.0,3019.0,3090.0,3103.0,3102.0
M399,3896.7680718974766,5000.0,5000.0,5030.0,5020.0,4910.0,4900.0,4880.0,4840.0,4780.0,4820.0,4550.0,4680.0,4670.0,4660.0,4620.0,4620.0,4580.0
M400,3886.018249584067,1800.0,1830.0,1830.0,1860.0,1930.0,1970.0,2000.0,2050.0,2080.0,2120.0,2140.0,2150.0,2150.0,2120.0,2130.0,2110.0,2080.0
M401,4298.518992887839,1890.0,1910.0,1930.0,1940.0,1940.0,1950.0,1960.0,1960.0,1960.0,1970.0,1970.0,1980.0,1980.0,1990.0,1990.0,2000.0,2000.0
M402,4492.366619067088,2712.0,2768.0,2777.0,2772.0,2805.0,2717.0,2732.0,2760.0,2767.0,2797.0,2845.0,2845.0,2874.0,2937.0,2969.0,2956.0,2978.0
M403,4719.041693821543,7179.3,6990.8,7065.3,7098.0,7129.2,7193.5,7275.7,7327.0,7332.5,7210.3,7259.6,7300.1,7342.1,7219.2,7289.6,7319.3,7347.1
M404,5339.7719335884085,1347.0,1444.0,1528.0,1655.0,1705.0,1630.0,1577.0,1572.0,1547.0,1507.0,1505.0,1529.0,1603.0,1701.0,1865.0,1967.0,2093.0
M405,5872.261054784347,7382.0,7179.0,6829.0,6685.0,6691.0,6639.0,6954.0,7365.0,7919.0,8321.0,8716.0,8081.0,7726.0,7278.0,6940.0,6710.0,6733.0
M406,6289.75506416218,11040.0,11140.0,11360.0,11930.0,12340.0,12240.0,11830.0,12210.0,11970.0,12690.0,12920.0,12890.0,12830.0,12310.0,12430.0,13110.0,12890.0
M407,6805.616379163172,8410.0,8620.0,8890.0,9110.0,9060.0,9030.0,8890.0,8760.0,8560.0,8420.0,8450.0,8490.0,8490.0,8500.0,8490.0,8580.0,8570.0
M408,7343.890339447809,1291.0,7584.0,2766.0,1344.0,3695.0,2971.0,1227.0,4378.0,3493.0,1532.0,3786.0,3306.0,1392.0,8646.0,2858.0,1348.0,3283.0
M409,7319.663753559499,9900.0,9900.0,9600.0,9700.0,10200.0,9800.0,9700.0,9600.0,9400.0,9700.0,9600.0,10100.0,9700.0,9900.0,9900.0,10200.0,10500.0
M410,7333.405086962157,10000.0,10030.0,9980.0,10130.0,10480.0,10200.0,9970.0,9970.0,9880.0,9870.0,9720.0,10220.0,9850.0,9880.0,9500.0,9700.0,10120.0
M411,7353.286662173821,10030.0,10100.0,10140.0,10190.0,10480.0,10310.0,10200.0,10280.0,10300.0,10210.0,9990.0,10430.0,10130.0,10170.0,9670.0,9900.0,10170.0
M412,6711.810363392398,6790.0,6670.0,6690.0,6320.0,5370.0,4530.0,4280.0,4860.0,5770.0,6620.0,7480.0,7810.0,8170.0,7790.0,7530.0,7120.0,6150.0
M413,6285.609586890852,9280.0,9820.0,10050.0,10150.0,10820.0,10820.0,11360.0,11920.0,12260.0,12900.0,13420.0,13750.0,14640.0,15260.0,15160.0,15100.0,15740.0
M414,6527.784674829292,8240.0,8330.0,8280.0,8180.0,8100.0,7600.0,7900.0,7780.0,7680.0,7720.0,8150.0,7150.0,7670.0,7420.0,7260.0,7690.0,8200.0
M415,7372.680211631021,1070.0,1090.0,1320.0,1680.0,1560.0,1340.0,1340.0,1340.0,870.0,840.0,1040.0,940.0,1070.0,710.0,810.0,1040.0,880.0
M416,8449.360328170314,7786.0,7855.1,7876.5,7900.6,7948.5,8092.6,8037.9,8023.3,8047.4,8132.8,8231.2,8343.3,8444.8,8568.4,8618.4,8705.8,8795.3
M417,8655.1847748219,1420.0,1440.0,1560.0,1730.0,1980.0,1890.0,1840.0,1880.0,2000.0,2060.0,2100.0,2120.0,2210.0,2350.0,2570.0,2840.0,3380.0
M418,8156.844644827418,1606.5,1752.5,2043.8,1791.0,1952.0,1964.1,1994.0,1867.0,1973.3,1905.2,1901.5,2163.6,1777.0,2031.0,2423.7,2081.1,2308.9
M419,7659.16547656263,7615.0,6905.0,7280.0,7386.0,8378.0,6782.0,6716.0,7501.0,8219.0,8377.0,8115.0,8738.0,8502.0,7682.0,8687.0,8166.0,9568.0
M420,7294.771225030234,7900.0,8600.0,7100.0,8100.0,7300.0,6600.0,6900.0,4600.0,5500.0,6400.0,4900.0,6300.0,5700.0,6800.0,6800.0,5700.0,5000.0
M421,7745.062787534043,23570.0,20130.0,23410.0,22150.0,20740.0,21570.0,22960.0,25650.0,27640.0,28530.0,27350.0,29740.0,27740.0,23540.0,29170.0,25460.0,24890.0
M422,8095.141160296878,22170.0,22040.0,23710.0,22080.0,20680.0,23020.0,21930.0,23050.0,23750.0,23660.0,21890.0,24640.0,23230.0,23430.0,25550.0,23190.0,22840.0
M423,8543.631264943619,2800.0,1810.0,1470.0,1610.0,4340.0,2830.0,4130.0,1910.0,1240.0,790.0,2780.0,1740.0,2030.0,1370.0,1610.0,1950.0,1720.0
M424,9227.920223103923,2060.0,1700.0,2180.0,2020.0,3120.0,3490.0,3170.0,3970.0,3270.0,3200.0,2960.0,2590.0,2720.0,3100.0,3090.0,3080.0,3410.0
M425,9031.18053232041,2066.3,2056.4,2092.7,2103.2,2115.9,2160.9,2161.9,2122.7,2124.8,2150.5,2147.6,2170.9,2186.5,2162.0,2172.9,2195.9,2195.7
M426,9604.679726560564,6709.0,6705.0,6889.0,6975.0,6997.0,7135.0,6807.0,6924.0,6518.0,6243.0,5958.0,5875.0,5600.0,5554.0,5314.0,5053.0,5142.0
M427,9577.132228013284,13408.0,13643.0,14043.0,14131.0,14049.0,14339.0,13996.0,13979.0,13600.0,13650.0,13201.0,13120.0,13004.0,13184.0,13097.0,12900.0,12812.0
M428,7826.2530008612885,3850.0,3830.0,3850.0,3860.0,3880.0,3920.0,3960.0,3960.0,3970.0,4000.0,4050.0,4120.0,4050.0,4030.0,4070.0,4110.0,4140.0
M429,6876.353442497573,16120.0,16410.0,16430.0,16490.0,16620.0,17010.0,17060.0,17010.0,17330.0,17210.0,16490.0,16060.0,15720.0,15890.0,15790.0,15670.0,15530.0
M430,6895.797444655671,3330.0,3310.0,3110.0,2780.0,2290.0,2300.0,2460.0,2400.0,2430.0,2440.0,2240.0,2430.0,3270.0,3130.0,2970.0,2600.0,2360.0
M431,7171.499499489193,1170.0,1140.0,1060.0,1020.0,920.0,780.0,860.0,800.0,790.0,770.0,690.0,840.0,1130.0,1110.0,1120.0,1060.0,1010.0
M432,7335.864683873238,28109.0,28018.0,27780.0,27715.0,27812.0,27901.0,27866.0,28056.0,28118.0,28174.0,28329.0,28223.0,27579.0,27556.0,27439.0,27415.0,27506.0
M433,6908.496128505607,2700.0,2550.0,2700.0,2680.0,2630.0,2160.0,2140.0,2270.0,2100.0,2100.0,2410.0,2810.0,2730.0,2720.0,2570.0,2510.0,2630.0
M434,6575.761443783091,1019.0,1014.0,1024.0,1027.0,1016.0,1021.0,1018.0,1008.0,1015.0,1024.0,1013.0,1019.0,1018.0,1018.0,1016.0,1009.0,1020.0
M435,6121.703069699464,1153.0,1166.0,1181.0,1168.0,1135.0,1120.0,1099.0,1124.0,1117.0,1095.0,1089.0,1094.0,1104.0,1086.0,1076.0,1072.0,1087.0
M436,5544.517290544113,4173.0,7374.0,2683.0,3968.0,6125.0,3078.0,4200.0,7188.0,3215.0,4070.0,5691.0,3145.0,4438.0,9342.0,3042.0,3996.0,7842.0
M437,6147.727653530502,6569.9,9130.5,3302.6,6434.6,8034.0,5288.2,7423.5,10916.8,7171.1,8117.8,11798.4,3731.1,7277.2,10163.9,3229.3,7020.0,8424.0
M438,5993.362653333277,6150.0,5350.0,7560.0,7330.0,6140.0,6510.0,6300.0,5820.0,6140.0,5800.0,6330.0,6300.0,6010.0,5850.0,7430.0,6580.0,6250.0
M439,5146.547978140041,3710.0,3855.0,5438.0,4176.0,4159.0,4976.0,3727.0,2808.0,4567.0,2830.0,3862.0,3575.0,3604.0,4395.0,4615.0,4556.0,4937.0
M440,5138.208067749433,5562.0,6805.0,6157.0,5422.0,7299.0,5662.0,5116.0,7587.0,6856.0,5748.0,8212.0,7702.0,6896.0,7584.0,7762.0,6846.0,8702.0
M441,5442.459964485871,3510.2,4601.6,4250.8,3677.1,5513.5,4514.0,2796.5,2851.1,3023.2,2557.3,3617.6,3005.3,3946.1,3492.0,3980.6,4465.5,4570.2
M442,6330.708051269743,2087.0,2092.0,2138.0,2165.0,2161.0,2191.0,2230.0,2207.0,2174.0,2201.0,2131.0,2173.0,2189.0,2193.0,2220.0,2212.0,2229.0
M443,6713.7372447963235,16890.0,18460.0,16520.0,15730.0,18770.0,15220.0,16560.0,19610.0,16230.0,16550.0,19530.0,15120.0,17000.0,18340.0,15920.0,15980.0,19270.0
M444,6830.398122256441,8683.624,12033.59,12440.6,8937.772,10920.99,10335.75,8113.124,5559.394,5108.045,5645.05,7431.558,8768.271,8033.735,5493.196,7715.872,8584.89,10667.89
M445,7289.880167879589,1800.8745,3156.9952,1741.7343,1557.2328,1953.006,550.955,1903.6955,1832.597,1350.3346,730.6628,2493.2167,976.4325,3130.687,2375.0038,1134.1356,2333.4312,3237.8207
M446,7552.8203717914985,1717.3946,2630.3018,2319.3369,2009.7588,2063.9487,2414.2453,3240.4654,2536.8587,2163.3029,2411.1568,4443.4198,4100.0742,1787.2029,2916.73,2566.2363,4485.9509,4082.6755
M447,8158.888049822522,7756.551,8525.516,4560.044,4764.637,7732.127,7027.962,9921.339,9220.086,4738.801,5437.217,13573.691,8826.051,4597.85,3288.369,3868.679,6164.04,10919.016
M448,8941.9503919279,18892.578,8868.136,7416.131,5136.084,7415.577,7447.832,6403.931,5341.797,8990.433,11658.238,11587.421,10781.766,13265.289,15682.974,14868.832,10803.311,11008.359
M449,8678.082108106362,1047.7473,1349.765,1442.2726,1037.6202,1606.0744,2763.5989,2260.5798,1249.4788,1778.1645,1461.0414,2652.056,1720.3854,891.6914,1205.8894,1459.3736,2252.59,1682.0746
M450,8179.6844847840985,14471.16076,14831.72408,15005.01679,15252.89308,15669.39566,16353.19652,17635.07898,17788.77416,17847.94377,17759.82606,17599.07099,17970.6604,19052.60511,19280.89727,19453.19419,19687.54405,21524.52263
M451,8631.006266249595,6415.44749,6617.85556,6708.14002,6855.17867,7017.78831,7653.70263,8046.66231,7728.93467,7519.31178,7306.78497,7105.48655,7356.39633,7539.13656,7549.47127,7816.83398,7776.77703,8033.17872
M452,9343.201479587022,9166.86267,9324.53521,9420.87259,9533.03234,9834.18653,10473.39173,11337.87379,11071.37065,10890.20023,10722.99198,10553.00507,10856.92703,11724.2648,11820.3315,11953.33958,12117.28942,13885.36436
M453,9459.048124706602,14450.30701,14813.74939,14988.97116,15237.48515,15652.55907,16335.6141,17613.54705,17770.64132,17826.91823,17738.71681,17574.20781,17950.25653,19026.80873,19257.08143,19429.95036,19650.33728,21493.21517
M454,9136.33739376752,9940.0,9971.0,9961.0,10048.0,10096.0,9917.0,10071.0,9755.0,9686.0,9674.0,9684.0,9445.0,9294.0,9351.0,9395.0,9762.0,9723.0
M455,9149.084573046124,2704.02,2630.55,3553.34,3867.35,2827.24,2675.42,2612.25,2695.5,2803.93,3608.55,4036.07,2736.78,2755.1,2695.03,3607.31,3931.96,2908.37
M456,8761.84321768546,10908.1818,10895.18159,10940.18234,10895.18159,10846.18077,10795.17992,10800.18,10804.18007,10835.18059,10813.18022,10774.17957,10712.17854,10580.17634,10429.17382,10059.16765,9791.163186,9972.166203
M457,8120.5329568963625,10409.0,10402.0,10416.0,10427.0,10428.0,8444.0,10417.0,10426.0,10454.0,10464.0,10466.0,8005.0,10455.0,10458.0,10456.0,10466.0,10480.0
M458,7627.710150029099,10203.0,10000.0,10052.0,9987.0,10087.0,10009.0,10147.0,10209.0,10281.0,10290.0,10271.0,10600.0,10589.0,10321.0,10309.0,10295.0,10340.0
M459,6943.329114461366,2051.499465,2099.9,2099.9,2099.9,2099.9,2099.9,2099.9,2099.9,2099.9,2099.9,2099.9,2099.9,2099.9,2099.9,2099.9,2089.293027,2073.4
M460,6978.077395188708,16847.65811,17013.89596,17070.56524,17246.3727,17646.4474,17646.4474,17218.82526,17551.30954,17513.83777,17791.7843,18155.05003,18221.78777,18444.34949,18611.0,18711.0,19088.0,19572.0
M461,7441.492886292837,3394.20275,3421.61936,3467.022992,3504.94395,3519.063133,3549.225542,3564.12791,3610.932715,3631.832937,3678.122732,3691.096787,3710.982227,3734.270408,3755.828355,3767.1,3787.0,3824.2
M462,7476.000335944536,2831.59,2885.07,2935.22,3000.85,3144.24,3176.55,3228.15,3320.24,3393.67,3445.8,3562.98,3599.16,3667.13,3682.87,3689.56,3740.92,3778.48
M463,7412.675815808247,2664.25863,2739.47559,2732.98871,2875.76684,3244.82809,2867.7966,2866.75421,2923.97966,2867.43372,2925.9594,3002.51536,2947.70984,2982.62492,3011.06341,2973.36481,3145.58929,3448.42522
M464,7437.812553528954,1090.841014,1145.785663,797.9052373,875.7985411,1006.383626,1026.32247,1035.537096,1130.470517,1073.359198,1060.27513,954.2911628,939.6558221,869.387619,1016.995276,811.9469131,809.711939,1027.722293
M465,7779.879560174698,6103.36,3785.08,3619.03,3007.69,2915.84,3028.79,3691.53,4031.49,4234.8,4363.25,3584.77,3496.18,3638.59,2931.22,3123.13,2697.6,2471.89
M466,7933.36987906074,19122.86,18193.49,20085.33,18193.49,17516.118,19218.059,20039.923,18104.78,21450.48,19300.0,20556.2,19506.77,17996.15,17197.72,16878.0,14933.99,16521.0
M467,7695.554126354905,4643.66,4244.97,3784.74,4020.59,3697.0,3849.33,4019.07,4091.49,3875.26,4404.76,4264.43,3850.82,3818.68,3454.98,3366.81,3393.1,3007.74
M468,8187.528202566328,9797.0,9804.0,10240.0,10244.0,10207.0,10064.0,9940.0,9889.0,10163.0,10216.0,10164.0,9974.0,9794.0,9811.0,10175.0,10225.0,10155.0
M469,8696.559918249903,10000.0,10000.0,10000.0,10000.0,10000.0,10000.0,10000.0,10000.0,10000.0,10000.0,10000.0,10000.0,10000.0,10000.0,10000.0,10000.0,10000.0
M470,9055.29630684753,11214.87102,11324.26484,11372.7234,11413.94103,11504.17421,11603.31932,11608.88927,11627.8271,11662.36079,11680.18463,11725.85821,11774.87377,11859.53701,11916.35049,11970.936,12029.97747,12116.86869
M471,9653.908899274793,9248.950256,9436.893,9364.059,9448.324,9741.595,9921.292523,9986.008289,10358.58371,10325.51903,10421.69162,10544.0369,10522.12344,10612.56426,10773.79163,10702.42167,10792.57055,11065.0915
M472,9470.357287666082,13333.75365,13532.10925,13569.07977,13598.24055,13610.20705,13739.56015,13922.78109,14163.19551,14246.18678,14461.98029,14452.09588,14616.951,14904.91828,14915.58717,15109.82905,15163.605,15194.85405
M473,8965.05974763598,1200.516842,1138.5096,1182.803931,834.6970141,1049.247099,1109.906483,1227.723642,1205.978822,1286.190137,1314.636301,1170.398821,1283.009621,1348.206948,1278.874205,1428.10891,1558.320746,1021.78292
M474,8814.378819472624,16833.0,18213.9,17504.0,13664.0,16204.0,16980.8,15937.3,15488.0,16541.8,15851.0,18251.3,16120.3,15696.7,17790.1,14022.6,10857.2,14148.7
M475,8819.08396844134,879.9,1030.2,1093.9,1101.8,1048.1,916.1,900.0,1054.4,1064.1,1051.4,1002.5,881.1,883.5,1053.2,1105.4,1121.1,1035.4
M476,8768.339325338657,11485.0,11485.0,11485.0,11485.0,11485.0,11485.0,11485.0,11485.0,11485.0,11485.0,11485.0,11485.0,11485.0,11485.0,11485.0,11485.0,11485.0
M477,8747.462376459065,10075.0,9951.0,10012.0,10034.0,10063.0,10090.0,10247.0,10213.0,10232.0,10252.0,10276.0,10161.0,10266.0,10245.0,10215.0,10232.0,10323.0
M478,8637.542861103155,10745.0,10094.0,10011.0,9760.0,9750.0,9839.0,9780.0,9778.0,9994.0,9981.0,10276.0,10653.0,10645.0,10105.0,9985.0,9841.0,9856.0
M479,8862.315507878518,894.1,988.6,1075.3,1068.9,1066.7,912.7,928.6,1059.8,1089.4,1086.1,1068.0,911.8,908.3,981.1,1046.9,1054.2,1053.7
M480,8940.422892676945,9930.0,9910.0,9880.0,9820.0,9790.0,9750.0,9740.0,9820.0,9750.0,9730.0,9800.0,9840.0,9830.0,9830.0,9880.0,9870.0,9750.0
M481,9028.133579285408,9980.0,9880.0,9920.0,9930.0,10100.0,10120.0,9990.0,10170.0,10230.0,10380.0,10170.0,10250.0,10200.0,10210.0,10150.0,10170.0,10190.0
M482,8965.534256901843,10017.0,10100.0,10090.0,10172.0,10172.0,10193.0,10184.0,10259.0,10325.0,10344.0,10335.0,10345.0,10356.0,10354.0,10400.0,10396.0,10401.0
M483,8523.76642908391,9946.0,10074.0,10136.0,10168.0,10168.0,10207.0,10207.0,10207.0,10236.0,10236.0,10265.0,10411.0,10439.0,10452.0,10452.0,10452.0,10452.0
M484,8473.110921786327,9999.0,9999.0,9999.0,9999.0,9999.0,10260.0,10260.0,10260.0,10260.0,10260.0,10260.0,10260.0,10260.0,10260.0,10260.0,10260.0,10260.0
M485,8794.080308818066,9930.0,9913.0,9939.0,10079.0,10152.0,10203.0,10262.0,10412.0,10336.0,10420.0,10473.0,10456.0,10612.0,10536.0,10476.0,10491.0,10536.0
M486,9182.529663400106,9978.0,10015.0,10078.0,10129.0,10139.0,10165.0,10174.0,10212.0,10245.0,10267.0,10322.0,10334.0,10423.0,10454.0,10446.0,10479.0,10503.0
M487,9198.942913852183,9840.0,10253.0,10384.0,10366.0,10153.0,9542.0,9597.0,10065.0,10148.0,10146.0,9772.0,9325.0,9871.0,10074.0,10205.0,10229.0,10091.0
M488,9189.484975803447,1022.5,1022.0,970.2,972.2,970.1,946.0,946.0,989.9,1050.3,1050.6,1051.7,1024.2,1023.7,1023.6,974.9,974.1,974.6
M489,9189.77201282153,9935.0,9923.0,9838.0,10074.0,9931.0,9676.0,9616.0,9543.0,9427.0,9329.0,9435.0,9623.0,9674.0,9620.0,9559.0,9355.0,9515.0
M490,9057.809850796482,9669.0,10396.0,10412.0,10442.0,10527.0,8813.0,9324.0,10460.0,10461.0,10529.0,10393.0,8971.0,9774.0,10438.0,10455.0,10470.0,10534.0
M491,8826.38090012236,9673.0,9956.0,9390.0,10000.0,10236.0,10212.0,10487.0,10308.0,10286.0,10326.0,10395.0,10335.0,10311.0,10290.0,10382.0,10431.0,10356.0
M492,8356.284489007901,10474.0,9993.0,9895.0,9863.0,9987.0,9962.0,10028.0,10102.0,10053.0,10085.0,10209.0,10460.0,10604.0,10170.0,10133.0,10097.0,10167.0
M493,7989.155234276143,9830.0,10360.0,10390.0,10310.0,10000.0,9550.0,9690.0,10220.0,10370.0,10250.0,9870.0,9540.0,9710.0,10310.0,10500.0,10490.0,10200.0
M494,8375.251982342052,9940.0,9930.0,10040.0,10060.0,10060.0,10050.0,10140.0,10050.0,9980.0,10200.0,10080.0,10090.0,10130.0,10090.0,10130.0,10210.0,10310.0
M495,8757.565483013892,10030.0,10060.0,10080.0,10060.0,10080.0,10100.0,10100.0,10140.0,10160.0,10190.0,10210.0,10210.0,10220.0,10260.0,10250.0,10250.0,10260.0
M496,8780.068447310174,6747.87,6803.75,7343.21,7358.68,6017.96,7254.77,7220.65,6817.12,7631.12,6740.56,7210.54,7299.01,6509.41,7317.38,7440.82,7050.75,6046.86
M497,8873.809861091671,7626.0,10622.0,11260.0,10241.0,11095.0,8499.0,8040.0,9979.0,11076.0,10108.0,10891.0,8124.0,7564.0,10977.0,11007.0,9834.0,10970.0
M498,8928.263359850636,998.9,1000.0,999.8,999.9,999.8,998.6,1053.7,1051.6,1051.3,1050.2,1050.2,1059.6,1011.8,1011.8,1011.4,1011.5,1011.4
M499,8926.726474990708,10008.0,10025.0,9958.0,9949.0,9973.0,10012.0,9998.0,9945.0,9867.0,9921.0,9878.0,9814.0,9836.0,9768.0,9796.0,9785.0,9711.0
M500,8948.773291002144,10121.0,10148.0,10155.0,10148.0,10155.0,10157.0,10158.0,10161.0,10164.0,10212.0,10255.0,10275.0,10280.0,10286.0,10292.0,10290.0,10293.0
M501,8960.31687878422,10012.0,10004.0,10076.0,10080.0,10105.0,10131.0,10156.0,10164.0,10166.0,10200.0,10194.0,10237.0,10260.0,10258.0,10279.0,10297.0,10309.0
M502,9133.779137571353,10132.0,10139.0,10139.0,10066.0,10049.0,10055.0,10091.0,10118.0,10213.0,10270.0,10296.0,10341.0,10377.0,10397.0,10416.0,10312.0,10346.0
M503,9404.463908187554,11460.0,11420.0,11480.0,11600.0,11680.0,11650.0,11650.0,11560.0,11630.0,11710.0,11750.0,11760.0,11600.0,11460.0,11250.0,11010.0,11050.0
M504,9883.848747829059,9994.0,10319.0,10259.0,10195.0,10250.0,8929.0,9528.0,9872.0,9923.0,9930.0,9856.0,8784.0,9355.0,9717.0,9643.0,9845.0,9636.0
M505,10260.521752306195,10273.0,10273.0,10409.0,10409.0,10409.0,10409.0,10293.0,10293.0,10540.0,11128.0,11128.0,11128.0,11128.0,11111.0,11306.0,11306.0,11306.0
M506,10257.618455209724,10026.0,10097.0,10158.0,10120.0,10216.0,10204.0,10261.0,10307.0,10366.0,10394.0,10376.0,10411.0,10453.0,10542.0,10544.0,10645.0,10686.0
M507,10258.205844299933,10221.0,10233.0,10223.0,10225.0,10246.0,10249.0,10238.0,10256.0,10330.0,10480.0,10485.0,10496.0,10478.0,10474.0,10452.0,10430.0,10382.0
M508,10260.12450553077,10720.0,10724.0,10737.0,10755.0,10755.0,10814.0,10800.0,10801.0,10801.0,11428.0,11436.0,11456.0,11457.0,11458.0,11405.0,11405.0,11404.0
M509,10272.231414044953,10151.0,10207.0,10223.0,10283.0,10301.0,10392.0,10490.0,10535.0,10902.0,10995.0,11026.0,11078.0,11242.0,11248.0,11277.0,11341.0,11372.0
M510,10306.658332098901,9980.0,9912.0,9925.0,9881.0,9791.0,9696.0,9661.0,9869.0,9846.0,9826.0,9867.0,9851.0,9747.0,9522.0,9495.0,9392.0,9355.0
M511,10347.358962763885,10067.0,10067.0,10233.0,10233.0,10067.0,10966.0,10966.0,10966.0,10966.0,10966.0,10966.0,10966.0,10966.0,10966.0,10966.0,10966.0,10966.0
M512,11097.001349764298,9992.0,10028.0,9993.0,9970.0,10038.0,10060.0,10265.0,10332.0,10371.0,10515.0,10543.0,10348.0,10420.0,10505.0,10590.0,10603.0,10460.0
M513,12385.693220053334,10155.0,10110.0,10158.0,10197.0,10231.0,10301.0,10353.0,10446.0,10521.0,10615.0,10639.0,10654.0,10711.0,10761.0,10771.0,10798.0,10786.0
M514,12659.143220574186,10035.0,10061.0,10037.0,10035.0,10014.0,10108.0,10122.0,10122.0,10175.0,10183.0,10202.0,10210.0,10189.0,10203.0,10216.0,10210.0,10203.0
M515,12076.979304626357,11847.54083,11909.5116,11908.92733,11990.85382,12030.72691,12076.27376,12036.168,12211.08598,12365.67754,12360.62413,12173.64822,12244.39586,12143.3278,12259.55607,12340.41052,12355.57073,12406.10476
M516,11688.838590342928,10432.55257,10196.61481,10027.3551,10017.09694,9924.773466,9976.064284,10150.45307,10247.90562,10329.97094,10699.26483,10883.91178,11007.00975,11068.55873,11437.85262,11458.36895,11232.68935,11504.53069
M517,11608.510633104264,10811.09684,10907.32959,10979.52748,10990.2539,11197.22274,11225.16465,11304.51723,11420.34572,11560.91834,11617.6151,11885.94817,11890.10362,11923.62285,12003.83007,12122.67388,12595.3979,12415.08661
M518,11387.467121712041,27480.13,24201.83,26393.06,26891.58,25296.0,29075.8,23725.4,27416.1,26137.4,26787.2,26487.2,28261.9,25487.2,26416.5,25397.7,23883.6,21545.0
M519,10771.36211944793,23697.0,24807.0,22183.0,22277.5,22832.6,24593.1,20955.0,22725.5,23295.0,21814.0,23293.0,21083.0,22584.0,22540.0,20838.0,24130.0,21560.0
M520,10377.708722289728,3807.502,3377.29,3658.009,3634.632,3348.7,3954.38,3584.78,3944.88,3848.56,4013.46,3750.74,4300.64,3935.87,4241.27,3483.26,3220.563,2839.2
M521,9910.220188073328,3091.56849,3128.17927,3164.44315,3207.90829,3307.50755,3268.78915,3280.42025,3322.52896,3360.92807,3426.30492,3413.37866,3506.5736,3502.4198,3584.08054,3576.86935,3614.51966,3727.69559
M522,9438.6375626827,7723.7753,7954.5972,7749.2264,8013.4463,8416.5212,7878.5968,7865.4867,8100.5488,8322.1349,8228.7647,8584.9899,8799.8602,8557.8279,8677.1492,8561.7121,8704.5549,8870.6408
M523,9388.06952845196,10395.17977,10319.05823,10263.22908,10630.38709,10363.10678,10511.90738,10554.39825,10462.57228,10355.50677,10646.6385,10892.37886,11187.68257,11843.28915,11445.00825,11355.48184,11260.46041,11428.56158
M524,8670.549067806603,4358.801509,4373.208096,4404.085027,4508.603174,4443.078085,4452.324646,4548.800272,4498.361281,4521.951199,4561.074111,4580.760214,4613.59342,4737.451232,4730.379685,4746.026681,4737.630764,4777.765727
M525,7466.405722736404,1001.550846,1052.096856,1097.82262,970.2376463,1061.159385,1046.056748,879.2675102,1003.605875,981.6343691,1003.011,978.9430279,982.6130026,1001.370042,969.6829421,1012.885348,1058.95039,1063.917651
M526,7122.369464681018,9740.057969,11039.40051,12060.34598,7029.656756,9405.562494,10835.26343,10964.74769,10436.51603,11527.33701,12624.68994,12540.80678,11322.88986,11396.93675,12770.14571,12424.90082,11242.74584,9099.17416
M527,7581.17996505898,922.0,969.0,1015.0,1009.0,1020.0,1015.0,909.0,970.0,1002.0,999.0,1010.0,981.0,921.0,966.0,997.0,983.0,992.0
M528,7581.228403605384,10040.0,10030.0,10060.0,10060.0,10080.0,10120.0,9970.0,10100.0,10090.0,10040.0,10060.0,10070.0,10020.0,10030.0,9990.0,9950.0,9930.0
M529,7285.127478547045,9990.0,10050.0,10170.0,10270.0,10270.0,10430.0,10520.0,10520.0,10740.0,10810.0,10810.0,10810.0,11100.0,11100.0,11100.0,11040.0,11040.0
M530,7518.486327979856,11080.0,11060.0,11060.0,11040.0,11020.0,11020.0,11070.0,11080.0,11090.0,11060.0,11050.0,11040.0,10870.0,10750.0,10470.0,10370.0,10660.0
M531,8141.704286280727,11196.34806,11230.03817,11241.26821,11173.88798,11241.26821,11196.34806,11196.34806,11140.19787,11084.04767,11117.73779,11140.19787,11140.19787,11027.89748,10881.90699,10556.23588,10455.16554,10657.30622
M532,8494.193866608657,8050.0,10790.0,10960.0,10940.0,10930.0,8500.0,8200.0,10750.0,10970.0,10970.0,10960.0,8520.0,8030.0,10810.0,11020.0,10990.0,11020.0
M533,8775.29648361426,9860.0,9910.0,9970.0,10020.0,10070.0,10120.0,10230.0,10150.0,10070.0,10040.0,9990.0,9970.0,9960.0,9960.0,10030.0,10090.0,10130.0
M534,9078.009255299105,956.7,985.3,1045.6,1039.2,1016.6,943.9,928.5,1019.2,1040.8,1051.9,1042.7,951.4,945.5,982.8,1044.8,1034.1,1013.3
M535,9091.58164322517,10056.0,10048.0,10048.0,10048.0,10011.0,10142.0,10142.0,10142.0,10143.0,10198.0,10198.0,10198.0,10226.0,10226.0,10226.0,10226.0,10327.0
M536,9078.272610032234,10299.0,10141.0,10024.0,9938.0,9850.0,9794.0,9784.0,10020.0,9837.0,9905.0,9861.0,9954.0,9910.0,9926.0,9865.0,9708.0,9780.0
M537,9002.881173484748,10019.0,10025.0,10039.0,10042.0,10019.0,10058.0,10053.0,10087.0,10109.0,10117.0,10070.0,10113.0,10172.0,10085.0,10133.0,10039.0,10080.0
M538,8668.024854847716,9183.0,9188.0,9343.0,9378.0,9554.0,9543.0,9779.0,9793.0,9822.0,9837.0,9831.0,9891.0,9901.0,9954.0,9993.0,10052.0,10108.0
M539,8388.764841301967,8226.0,8310.0,8299.0,8417.0,8576.0,8557.0,8884.0,8974.0,8901.0,9016.0,9004.0,9004.0,9074.0,9257.0,9312.0,9533.0,9571.0
M540,8778.48429849577,10001.0,10035.0,10035.0,10040.0,10037.0,10061.0,10212.0,10268.0,10279.0,10292.0,10279.0,10346.0,10331.0,10390.0,10401.0,10357.0,10394.0
M541,9191.829312831243,10355.0,10034.0,9843.0,9843.0,9827.0,9942.0,10040.0,10040.0,9950.0,10008.0,10121.0,10410.0,10352.0,9950.0,10017.0,10017.0,9950.0
M542,9217.889038240286,10396.0,10245.0,9893.0,9827.0,9837.0,9738.0,9775.0,9788.0,9961.0,10232.0,10296.0,10334.0,10336.0,10268.0,10121.0,9944.0,10002.0
M543,9215.364641627693,10071.0,10072.0,10085.0,10090.0,10081.0,10100.0,10109.0,10124.0,10141.0,10147.0,10180.0,10211.0,10250.0,10289.0,10291.0,10300.0,10334.0
M544,8878.150899450242,1139.4,1139.4,1144.1,1144.1,1144.1,1126.9,1132.1,1132.1,1146.6,1146.6,1146.6,1134.6,1134.6,1001.1,1003.1,1003.1,1003.1
M545,8618.390475916282,10069.0,10041.0,10013.0,10013.0,10005.0,10036.0,10039.0,10067.0,10051.0,10113.0,10114.0,10652.0,10647.0,10677.0,10669.0,10625.0,10640.0
M546,8321.030728229993,10101.0,10147.0,10233.0,10265.0,10291.0,10293.0,10354.0,10442.0,10466.0,10507.0,10629.0,10708.0,10749.0,10830.0,10872.0,10887.0,10946.0
M547,7920.226988125786,10832.0,10948.0,10590.0,10496.0,10524.0,10704.0,10788.0,10886.0,10935.0,11095.0,11023.0,11230.0,11325.0,11124.0,11171.0,11075.0,11057.0
M548,7943.975582455954,10148.0,10309.0,10383.0,10612.0,10647.0,10682.0,10777.0,10894.0,10894.0,11036.0,11402.0,11438.0,11639.0,11828.0,12208.0,12218.0,12162.0
M549,7607.955125089051,10109.0,10037.0,10108.0,10160.0,10084.0,10183.0,10189.0,10194.0,10185.0,10149.0,10240.0,10280.0,10279.0,10092.0,10043.0,10043.0,9993.0
M550,7597.798574730497,999.9,999.9,999.9,999.9,999.9,1000.9,1000.9,1000.9,980.6,980.6,980.6,980.6,987.9,987.9,990.6,987.1,1024.4
M551,7955.740652368628,10175.0,10240.0,10183.0,10179.0,10223.0,10276.0,10293.0,10356.0,10399.0,10465.0,10506.0,10634.0,10689.0,10685.0,10743.0,10735.0,10737.0
M552,7952.196894587591,915.4,954.2,1046.1,1084.4,1114.2,873.4,910.6,976.6,1005.9,1032.1,1048.2,938.0,880.9,932.3,1013.0,1055.7,1074.1
M553,7551.777853925261,9821.0,9831.0,9855.0,9967.0,9968.0,10144.0,11069.0,10144.0,10144.0,10144.0,9949.0,9949.0,9952.0,9932.0,9802.0,9802.0,9936.0
M554,7134.81238643136,11500.0,10915.0,10346.0,8948.0,8755.0,8744.0,8845.0,9138.0,10335.0,10866.0,11395.0,11529.0,11767.0,11147.0,10549.0,9146.0,8938.0
M555,7125.760502973866,902.6,1032.7,1049.2,1040.7,954.7,875.8,918.0,1109.5,1109.6,1099.1,1024.8,923.9,933.9,1023.9,1048.3,1052.2,988.9
M556,7121.725057621936,10064.0,9946.0,9943.0,9928.0,9979.0,10293.0,10181.0,10240.0,10254.0,10272.0,10193.0,10225.0,10218.0,10187.0,10164.0,9984.0,10112.0
M557,7131.1844318635485,9735.0,9714.0,9821.0,10101.0,10326.0,10102.0,10506.0,10392.0,9976.0,10591.0,10295.0,10531.0,10291.0,10414.0,10675.0,10565.0,10541.0
M558,7519.7405716018375,10350.0,10147.0,10152.0,9816.0,9936.0,9571.0,9892.0,10155.0,10248.0,10369.0,10259.0,10582.0,10751.0,10478.0,10483.0,10032.0,10090.0
M559,7906.41678683498,973.0,1031.0,1040.0,1053.0,1055.0,1001.0,1003.0,1039.0,1052.0,1057.0,1062.0,1035.0,1028.0,1066.0,1090.0,1100.0,1088.0
M560,7833.054634681667,10000.0,9830.0,9830.0,9830.0,9820.0,9930.0,9960.0,10060.0,10070.0,10080.0,10080.0,10160.0,10200.0,10300.0,10330.0,10250.0,10240.0
M561,8146.540394025305,10040.0,9960.0,10010.0,10230.0,10320.0,10310.0,10530.0,10370.0,10370.0,10410.0,10430.0,10350.0,10370.0,10470.0,10410.0,10500.0,10660.0
M562,8257.390705067279,972.0,979.0,1004.0,1002.0,994.0,962.0,945.0,962.0,983.0,975.0,968.0,942.0,921.0,928.0,957.0,953.0,944.0
M563,7662.481648366595,10430.0,10440.0,9730.0,9730.0,9760.0,9790.0,9800.0,9640.0,9650.0,10610.0,10800.0,10810.0,10810.0,10810.0,9780.0,9790.0,9840.0
M564,6988.15325781279,9986.0,9976.0,9998.0,10009.0,10092.0,10029.0,9936.0,9894.0,9897.0,9897.0,9900.0,9913.0,9920.0,9944.0,9976.0,9991.0,9983.0
M565,7000.9469891629105,10031.0,10031.0,10026.0,10017.0,9777.0,9777.0,9779.0,9780.0,9485.0,9506.0,9506.0,9542.0,9552.0,9558.0,9565.0,9554.0,9556.0
M566,7375.733283779238,9529.0,9619.0,9797.0,9935.0,10137.0,10153.0,10833.0,10297.0,10161.0,9921.0,9739.0,9722.0,9719.0,9820.0,9891.0,10003.0,10335.0
M567,7372.231509479286,10397.0,10329.0,10062.0,9815.0,9737.0,9753.0,9767.0,10058.0,10179.0,10333.0,10382.0,10440.0,10703.0,10655.0,10600.0,9988.0,9952.0
M568,7367.876682368832,3230.0,3700.0,3900.0,3910.0,4010.0,3450.0,3740.0,3900.0,3960.0,3980.0,3450.0,3240.0,3350.0,3570.0,3720.0,3810.0,3880.0
M569,7347.1503919980805,2291.0,2301.0,2306.0,2308.0,2312.0,2276.0,2292.0,2299.0,2300.0,2299.0,2272.0,2258.0,2271.0,2288.0,2287.0,2301.0,2313.0
M570,6955.720871910777,1610.0,1619.0,1622.0,1620.0,1617.0,1593.0,1602.0,1604.0,1602.0,1601.0,1553.0,1546.0,1555.0,1563.0,1566.0,1576.0,1587.0
M571,6578.335569035726,10020.0,10022.0,10028.0,10066.0,10137.0,10132.0,10153.0,10155.0,10163.0,10166.0,10173.0,10181.0,10206.0,10210.0,10216.0,10281.0,10299.0
M572,6595.5443768384275,9948.0,9926.0,9930.0,9952.0,10020.0,10032.0,10044.0,10073.0,10013.0,9989.0,9929.0,9884.0,9884.0,9964.0,9987.0,10031.0,10061.0
M573,6216.290427986903,10008.0,10004.0,9998.0,9995.0,9999.0,10044.0,10043.0,10068.0,10128.0,10138.0,10159.0,10166.0,10179.0,10166.0,10348.0,10386.0,10401.0
M574,6039.381913628236,899.5,1013.9,1067.8,1095.1,1062.3,899.6,908.4,1011.2,1024.9,1050.6,1034.8,860.8,892.7,978.2,1070.6,1082.2,1027.2
M575,6583.51163986975,10005.0,10077.0,10179.0,10197.0,10123.0,10076.0,10048.0,10079.0,10046.0,10072.0,10157.0,10145.0,10194.0,10147.0,10228.0,10434.0,10333.0
M576,7289.984661941815,1016.5,1016.5,1001.1,1001.1,1002.3,983.5,983.5,983.5,983.5,983.5,1022.4,1022.4,1022.4,1022.4,1022.6,1022.6,1022.6
M577,7663.75964769169,9943.0,9901.0,9950.0,9909.0,9929.0,10075.0,10173.0,10095.0,9985.0,10003.0,10098.0,9889.0,9819.0,9924.0,10034.0,10063.0,10089.0
M578,7652.062504964239,10030.0,10011.0,10000.0,10071.0,10068.0,10081.0,10158.0,10161.0,10191.0,10234.0,10261.0,10298.0,10349.0,10271.0,10251.0,10166.0,10171.0
M579,7653.943892830578,793.7691444,881.8729706,930.8424006,740.0232969,904.885863,756.7531231,775.3387964,803.0845232,868.3258537,827.2042436,732.0706182,860.3098378,706.7731457,817.0740143,989.205053,648.3584369,796.7575783
M580,8000.811291175475,8587.0,10055.0,10706.0,11111.0,10761.0,8257.0,8044.0,10422.0,11171.0,11398.0,11179.0,8902.0,8694.0,10169.0,10779.0,11174.0,10810.0
M581,8345.259360529411,9993.0,10019.0,10021.0,10035.0,10022.0,10029.0,10046.0,10056.0,10106.0,10113.0,10117.0,10117.0,10120.0,10108.0,10115.0,10124.0,10126.0
M582,8719.771294733095,10863.6,10830.9,10821.1,10815.9,10805.3,10790.5,10809.7,10815.9,10843.2,10845.6,10830.8,10829.5,10755.3,10690.5,10531.2,10410.3,10540.6
M583,9096.452086801668,9737.0,10445.0,10502.0,10639.0,10580.0,9406.0,10040.0,10508.0,10526.0,10547.0,9956.0,9557.0,10351.0,10814.0,10869.0,10929.0,10970.0
M584,8725.082247933808,9950.0,10067.0,10108.0,10046.0,10276.0,10264.0,10420.0,10461.0,10257.0,10366.0,10316.0,10256.0,10329.0,10246.0,10413.0,10524.0,10480.0
M585,8377.879522827305,10051.0,10062.0,10072.0,10082.0,10104.0,10405.0,10396.0,10373.0,10371.0,10351.0,10342.0,10172.0,10164.0,10165.0,10163.0,10164.0,10165.0
M586,8709.454013002816,9181.0,10140.0,10774.0,10626.0,10544.0,9518.0,9915.0,10660.0,11225.0,11223.0,10911.0,9731.0,10184.0,10929.0,11316.0,11182.0,10890.0
M587,8943.914794293041,9990.0,10000.0,10020.0,10030.0,10030.0,10040.0,10050.0,10050.0,10050.0,10050.0,10050.0,10060.0,10070.0,10080.0,10100.0,10100.0,10100.0
M588,8948.646041305608,10020.0,10010.0,9850.0,9830.0,10030.0,9800.0,10020.0,9980.0,9920.0,9900.0,9900.0,9930.0,9920.0,9960.0,10010.0,10000.0,10070.0
M589,8714.276591543952,9980.0,9950.0,9880.0,10010.0,10020.0,10150.0,10120.0,9940.0,9960.0,10030.0,10130.0,10110.0,10140.0,10120.0,10050.0,10010.0,10130.0
M590,8667.671905607647,1080.0,1080.0,1080.0,1090.0,1080.0,1060.0,1080.0,1080.0,1090.0,1090.0,1080.0,1120.0,1080.0,1070.0,1070.0,1070.0,1070.0
M591,8982.060580716501,1410.849833,1412.255072,1395.771352,1393.562866,1338.441245,1337.517058,1328.205187,1305.139352,1297.22059,1334.098608,1336.674393,1334.390856,1330.041446,1334.258381,1339.988049,1324.419734,1352.264107
M592,9023.13252328107,15928.16,15931.22,16051.47,16133.99,16287.42,16283.37,16332.58,16377.06,16448.99,16596.3,16780.95,16782.23,16936.16,17114.97,17303.08,17539.55,17793.33
M593,9568.439072772864,8279.16,8324.69,8402.32,8450.45,8551.7,8550.81,8593.31,8596.09,8693.17,8721.54,8974.34,9066.83,9146.82,9110.8,9151.95,9211.26,9208.66
M594,10777.661103081187,12690.79444,12614.87169,12682.88294,12497.69171,12904.23115,12986.13662,13003.65698,13022.23557,13090.98823,13294.81164,13248.42152,12978.46444,12937.84895,12971.56795,13038.75147,13127.3,13289.7
M595,11232.232168205268,2284.927,2304.224,2299.874,2302.559,2322.583,2339.771,2351.54,2361.251,2372.973,2399.772,2400.629,2405.988,2413.948,2395.989,2390.477,2406.73,2355.758
M596,11337.891217566736,16283.64504,16367.19727,16574.64479,16547.55072,16836.70508,16698.44653,16871.97648,17352.19978,17196.03404,17139.70296,16999.46933,16839.21269,16914.53269,16875.38549,17063.88929,17213.02827,17930.4594
M597,12043.499727565058,11262.756,11261.99,11254.5,11263.767,11360.023,11386.851,11367.259,11416.725,11518.851,11520.266,11587.129,11609.924,11604.339,11612.739,11627.663,11657.304,11749.431
M598,12063.216676675196,8955.33819,8926.80001,9024.37527,9018.455,9214.1248,9134.569,9202.80781,9320.05534,9352.31265,9417.91066,9465.864,9450.76796,9499.87643,9472.27581,9554.18698,9534.46267,9789.23452
M599,11684.412213224807,23303.36461,23908.75284,23675.63137,23680.88233,24123.72354,24049.61936,23707.57433,23842.09108,23502.87839,23645.01322,24325.99342,23958.41904,23803.80279,24007.22963,24104.16633,24389.91204,24656.87545
M600,11223.667347439095,25727.8,26318.4,26016.4,26066.3,27155.6,26524.3,26217.1,26509.6,26662.7,27047.4,27812.5,27367.4,27273.6,28294.7,28261.6,28737.3,29794.0
M601,11636.262936325213,5181.62,5220.52,5270.23,5315.88,5369.21,5351.29,5373.34,5378.66,5464.59,5465.28,5388.74,5469.59,5543.73,5504.96,5544.13,5603.45,5544.17
M602,11919.62380721733,8414.13,8390.71,8513.01,8517.11,8514.07,8629.51,8483.21,8525.07,8724.76,8761.39,8639.51,8800.64,8783.67,8649.74,8825.11,8981.02,8795.7
M603,11054.470834774647,11011.21,11321.11,11267.33,11465.11,11551.78,11571.73,11708.84,11964.18,11924.38,12070.44,12270.72,12284.41,12228.31,12400.94,12499.11,12711.3,12786.14
M604,10892.655451267821,6800.652782,6946.248642,7001.563516,7034.518049,7297.28358,7123.151675,7202.473203,7392.389079,7456.398594,7504.650205,7702.053454,7783.630715,7977.687491,8188.024929,8197.98551,8415.181455,8898.561316
M605,10103.209352601321,8315.26,8435.2,8514.14,8628.07,8260.16,8222.21,8133.98,8133.06,8122.27,8213.76,8717.85,8666.54,8589.81,8380.1,8565.89,8567.04,8757.48
M606,8619.832723163698,1596.756534,1643.917676,1630.527353,1642.839819,1692.502208,1690.753273,1658.544613,1704.077688,1693.601471,1684.729999,1732.824841,1715.40863,1716.74876,1744.772215,1746.180453,1773.685755,1844.780881
M607,7964.378019497593,23281.0,23518.0,24100.0,24102.0,25053.0,24778.0,24519.0,24932.0,25386.0,25150.0,25197.0,25413.0,25378.0,25574.0,26234.0,26116.0,27174.0
M608,8099.961502774391,2088.1,1941.0,2027.0,1956.1,1930.8,2034.2,2009.4,1955.5,1977.2,1987.9,1980.5,2011.1,1996.0,2085.1,2173.0,2200.4,2183.8
M609,15738.5,16062.9,14563.7,15524.5,15075.8,15048.1,16283.5,16210.0,15242.8,15696.4,15571.8,15734.4,16285.4,15974.5,17063.9,18468.7,18143.0,18194.6
M610,7579.579535850802,11640.0,10774.4,11708.0,11324.9,11405.5,12409.1,12447.2,11747.1,12208.2,12179.5,12007.4,12663.7,12340.3,13106.6,13828.3,13293.8,13434.2
M611,7249.018687012083,1672.0,1719.0,1701.0,1599.0,1586.0,1616.0,1587.0,1595.0,1585.0,1474.0,1476.0,1466.0,1498.0,1491.0,1522.0,1570.0,1586.0
M612,7308.883704581878,11758.4,10688.2,11422.8,11064.1,11169.7,12056.7,11893.9,11242.4,11572.5,11544.9,11336.0,11787.2,11538.6,12436.2,13305.5,13099.0,13202.4
M613,6561.591945046341,3420.5,3390.1,3427.1,3286.6,3311.8,3504.7,3464.9,3340.5,3401.2,3432.6,3437.2,3541.2,3487.7,3680.4,3960.7,3883.0,3905.4
M614,5694.024197002156,13429.6,13469.0,13502.0,13076.0,12996.0,12329.3,12752.1,12648.1,12417.4,12451.4,12912.7,12844.7,13309.9,13539.2,13028.2,13243.3,13394.3
M615,6189.918643825673,4728.095502,4662.251571,4630.517869,4668.350159,4755.509164,4741.835256,4643.806683,4702.47118,4714.114044,4679.812812,4658.101397,4711.595197,4752.558991,4772.379908,4803.228647,4828.116376,4678.55253
M616,6332.007382839311,1862.945164,1757.329184,1752.419603,2005.055666,1981.827203,2119.471812,2482.003436,2376.469275,2543.675002,2936.143092,2731.128514,2663.189509,3057.450255,3158.43204,3047.992228,3056.725713,2951.325574
M617,5995.717635329978,5319.242384,5424.782756,5640.466563,5899.634466,6139.227438,6130.087263,6058.430349,6129.678928,6014.265542,5998.925117,6019.076035,6029.283872,6065.265828,5983.462037,5986.255104,5931.643855,6111.151942
M618,5867.462389539816,6029.343981,6115.708472,6108.942801,6149.163004,6035.15806,6070.652865,6098.803968,6328.29656,6164.394766,6343.45957,6466.327367,6485.436132,6484.574642,6401.119757,6507.187966,6721.302871,6640.180236
M619,6098.387094791697,913.5410499,915.268615,914.9593804,914.9201157,918.1070056,917.4817957,917.8540007,917.8611178,918.4508184,916.8357493,917.1631377,918.9116256,918.5518878,918.6761709,971.4589229,1079.141464,1083.973143
M620,6178.605008452523,3634.04585,3618.110281,3574.713969,3581.285125,3572.978424,3600.28891,3552.142707,3567.113284,3583.739087,3583.810407,3573.475426,3609.737043,3611.891372,3620.749421,3562.313642,3579.00122,3567.483213
M621,6295.95661000074,15050.28071,15098.88328,15091.45156,15265.5018,15358.93139,14998.72858,14915.21014,14846.44618,14823.59937,14862.15785,14788.46822,14754.60202,14601.32542,14377.87522,14306.16807,14311.48452,14026.16312
M622,2358.411922,2298.192828,2335.867207,2260.290065,2166.654085,2233.978292,2162.915873,2543.543674,2421.024161,2327.751786,2397.06996,2543.385011,2700.872723,2981.16286,3173.952628,3217.19923,3208.800032,3791.363565
M623,7413.831463772667,546.3455577,547.1445029,546.6136859,553.3326815,522.5937442,577.5701382,685.3919913,666.5396848,660.1429253,670.6122571,673.5199749,673.3565234,658.5918702,620.0811133,606.864795,641.8025331,620.1853629
M624,7651.560246816204,9805.6598,9826.489786,9749.36159,9648.316645,9586.253416,9608.684182,9585.495367,9535.893965,9512.863785,9583.209557,9592.128301,9527.151175,9495.221158,9414.780597,9387.213614,9288.162485,9132.248364
M625,8112.408514483529,10914.85,11160.25,11355.49,11395.24,11378.09,11508.77,12185.01,12005.93,12098.82,13047.63,12958.41,13066.68,13028.77,12887.03,12895.42,12777.16,12705.47
M626,8606.856866749295,7859.69,7905.35,7966.96,8029.65,8109.34,8105.07,8139.48,8154.78,8248.53,8266.01,8531.78,8623.87,8710.85,8673.79,8715.25,8785.31,8731.76
M627,8201.014286733123,13114.01,13199.44,13224.96,13332.67,13415.17,13362.47,13445.69,13632.23,13623.36,13727.04,13814.28,13793.32,13847.52,13930.7,13959.28,14092.54,14128.6
M628,7622.845593726102,8729.55403,8745.632,8790.12171,8820.747,9003.36731,8957.343,9044.3472,9158.39384,9147.31599,9201.12136,9273.445,9216.61484,9283.58847,9310.41815,9350.95233,9347.13236,9603.60945
M629,7840.946534186869,10029.6,10125.5,10205.5,10303.1,10490.9,10465.0,10438.3,10584.5,10613.1,10536.7,10601.8,10642.8,10700.6,10770.5,10894.8,10934.0,11052.4
M630,7937.366691707894,7025.066597,6114.587241,6208.102996,5526.869147,6282.707488,7315.468939,6628.686884,6917.592974,6123.562003,6392.995963,6001.689293,6027.247382,6331.951029,5900.863724,7198.705344,6295.65,5237.42
M631,7778.61127904079,10979.0,10588.0,8912.0,9074.0,9229.0,10229.0,10283.0,10146.0,9830.0,9925.0,9686.0,11064.0,11640.0,10502.0,9228.0,9207.0,8625.0
M632,7780.450978441985,5436.0,5005.5,4697.0,5114.3,5739.1,4975.5,4094.1,5466.0,4389.0,5039.3,3922.0,4970.2,4528.3,4989.9,4467.7,4953.6,4897.7
M633,7245.695749285332,3508.23,3167.9454,3206.6846,2705.1964,3046.169,3323.6331,3407.1457,3438.2947,3347.4289,3371.0903,3336.0528,3425.5819,3708.6129,3232.8973,3411.4416,2656.8408,2968.2612
M634,6552.283922034463,2360.4,2208.1,1941.7,2122.7,2104.0,2370.8,2332.4,2189.6,2307.4,2389.5,1828.9,2511.1,2521.9,2359.4,2153.5,2150.0,2287.7
M635,6122.501502452011,8115.25,7658.42,6821.02,7557.03,7574.6,7874.12,7602.96,7400.26,7689.71,7724.01,6987.97,8017.91,8174.0,7794.31,7108.83,7396.42,7645.28
M636,5713.309022203684,4550.99,4729.76,4697.96,4650.66,4443.74,4628.03,4549.44,4562.01,4664.66,4557.9,4642.95,4733.45,4232.15,4950.47,4958.19,4619.74,4469.31
M637,5211.1353939578,12360.0,11585.0,10244.0,10183.0,10471.0,11992.0,11776.0,11524.0,11501.0,11512.0,10564.0,12463.0,13075.0,11148.0,11138.0,9634.0,10034.0
M638,5111.072887011558,6459.8,5726.8,6204.1,6156.1,5801.4,6247.7,5812.7,6027.2,5914.8,6621.1,6015.7,5611.4,5559.1,5370.5,6310.8,4661.0,4751.0
M639,5652.820989176918,1680.0,1879.6,1623.2,1567.7,1641.3,1762.2,1634.6,1543.1,1552.2,1923.9,1295.8,1593.4,1956.4,1763.2,1818.4,1572.7,1562.2
M640,6361.043021564394,3521.7067,3136.3977,3044.1223,3023.3531,2954.3472,3228.736,3356.1872,3425.1128,3305.055,3469.0783,3448.3635,3366.5689,3694.3162,3340.5342,3386.0684,2981.5949,2912.4312
M641,6865.1294150382355,4922.9,4618.0,4484.1,4253.1,4325.0,4676.9,4406.6,4497.9,4651.6,5175.3,4509.9,5046.4,5197.2,4672.0,4660.6,4508.8,4514.8
M642,6961.91383860848,2310.9,2221.2,1955.4,2000.4,2016.4,2182.0,2167.5,2177.6,2122.3,2224.9,1852.2,2294.6,2338.1,2274.1,2005.8,2037.6,2166.6
M643,6500.55562230209,3640.0,4040.0,3530.0,3320.0,3530.0,4000.0,4160.0,3790.0,4510.0,5390.0,5240.0,4790.0,4480.0,4020.0,4280.0,4600.0,4320.0
M644,5886.258307255501,10372.65805,10247.70675,10408.35842,10414.30848,10437.25872,10484.85922,10527.35966,10633.61077,10766.21215,10815.51266,10623.41066,10566.46007,10407.50841,10542.65982,10582.61024,10643.81087,10609.81052
M645,5709.491584599401,11573.23717,11679.13769,11691.31939,11700.68992,11861.58672,11867.20904,11875.64252,12023.53518,12024.47223,12027.28339,12147.34084,12144.52968,12146.40378,12242.22593,12249.72235,12251.59646,12432.04329
M646,5954.86253925787,11292.68656,11314.66904,11414.52454,11481.30492,11483.11031,11466.94426,11518.22395,11483.03271,11510.9041,11576.00185,11582.71729,11591.97377,11556.46395,11687.35648,11717.82727,11729.20998,11843.95917
M647,6062.98635580164,11280.94008,11290.94091,11320.94341,11310.94258,11330.94425,11240.93674,11320.94341,11300.94175,11350.94591,11330.94425,11250.93758,11200.93341,11040.92008,10870.90591,10450.87091,10190.84924,10400.86674
M648,6176.582494041754,3708.0,3765.0,3788.0,3789.0,3776.0,3741.0,3768.0,3777.0,3785.0,3780.0,3752.0,3671.0,3706.0,3791.0,3831.0,3838.0,3842.0
M649,6388.616482602494,2130.0,2100.0,2100.0,2130.0,2110.0,2110.0,2110.0,2100.0,2110.0,2120.0,2170.0,2150.0,2130.0,2130.0,2120.0,2130.0,2140.0
M650,6009.331989125825,1946.0,1915.0,1906.0,1903.0,1883.0,1837.0,1864.0,1903.0,1925.0,1948.0,1962.0,1983.0,1976.0,1923.0,1893.0,1905.0,1872.0
M651,5276.175924735999,1951.2,1951.9,1957.9,1971.2,1965.0,1934.0,1945.3,1954.8,1972.1,1972.0,1969.1,1958.8,1969.6,1970.5,1981.4,1991.0,1983.6
M652,4528.433941807189,9139.49,9116.26,9092.54,9144.62,9143.39,9165.43,9137.74,9127.89,9152.3,9116.98,9081.68,8988.98,8987.45,8978.18,8961.85,8983.01,8990.97
M653,3804.1250766291473,1900.0,1910.0,1950.0,1950.0,1950.0,1930.0,1940.0,1940.0,1940.0,1940.0,1930.0,1910.0,1920.0,1930.0,1970.0,1970.0,1980.0
M654,3342.5097728925025,8060.0,8150.0,8200.0,8240.0,8240.0,8180.0,8200.0,8200.0,8240.0,8240.0,8250.0,8120.0,8090.0,8220.0,8280.0,8320.0,8360.0
M655,3475.930800115585,2980.0,2990.0,3020.0,3020.0,3000.0,2990.0,3010.0,3000.0,3000.0,2990.0,2970.0,3000.0,2970.0,3010.0,3040.0,3050.0,3070.0
M656,3807.342757424269,1930.0,1930.0,1920.0,1930.0,1930.0,1920.0,1920.0,1930.0,1940.0,1940.0,1960.0,1950.0,1950.0,1950.0,1950.0,1940.0,1950.0
M657,3970.4900817113366,2420.0,2490.0,2500.0,2530.0,2520.0,2500.0,2520.0,2520.0,2520.0,2520.0,2520.0,2390.0,2410.0,2490.0,2520.0,2530.0,2540.0
M658,4047.7370361062895,2500.0,2530.0,2540.0,2540.0,2550.0,2520.0,2550.0,2560.0,2550.0,2570.0,2540.0,2440.0,2510.0,2540.0,2570.0,2580.0,2590.0
M659,4137.403785589695,2690.0,2720.0,2730.0,2730.0,2740.0,2710.0,2740.0,2750.0,2740.0,2760.0,2730.0,2630.0,2700.0,2740.0,2760.0,2770.0,2790.0
M660,4010.3879469905514,1220.0,1140.0,1370.0,790.0,950.0,900.0,1070.0,1250.0,1560.0,1770.0,1370.0,1210.0,1230.0,1680.0,1170.0,990.0,940.0
M661,3861.1675515152,7820.0,8280.0,8270.0,8270.0,8280.0,8150.0,8270.0,8290.0,8400.0,8480.0,8340.0,7820.0,7860.0,8300.0,8300.0,8290.0,8230.0
M662,3904.7427604515124,4210.0,3920.0,3170.0,3120.0,3090.0,3010.0,3050.0,3050.0,3230.0,3710.0,4290.0,4460.0,4430.0,3990.0,3190.0,3090.0,3120.0
M663,4089.6533120480226,3603.0,3518.0,3329.0,3252.0,3246.0,3225.0,3261.0,3272.0,3314.0,3429.0,3595.0,3646.0,3602.0,3491.0,3292.0,3221.0,3188.0
M664,4356.7016046468625,9341.7,9490.5,9537.1,9451.4,9433.6,9228.9,9125.8,8967.4,7549.3,8751.0,8730.1,8804.1,8874.2,9026.0,9206.7,9135.1,9063.4
M665,4372.748844220281,3850.0,3700.0,3440.0,3200.0,3150.0,2980.0,3030.0,3010.0,3080.0,3270.0,3480.0,3570.0,3510.0,3410.0,3270.0,3030.0,2910.0
M666,4345.888994328703,3062.0,2739.0,2104.0,1573.0,1386.0,2551.0,3132.0,3072.0,2711.0,1290.0,2746.0,3056.0,3068.0,2736.0,2212.0,1468.0,1245.0
M667,4374.890030800565,4397.0,4026.0,3950.0,3687.0,2859.0,4881.0,4816.0,4743.0,4167.0,3044.0,3630.0,4462.0,4401.0,4048.0,3565.0,3277.0,2901.0
M668,4497.037765064208,1558.91,1565.64,1586.45,1602.38,1616.04,1576.9,1567.38,1560.75,1564.31,1575.52,1586.0,1581.37,1557.26,1558.66,1560.52,1580.73,1587.13
M669,4777.571632783198,7229.0,7209.0,7273.0,7259.0,7110.0,7177.0,7204.0,7113.0,7050.0,7051.0,7658.0,7737.0,7270.0,7159.0,7170.0,7347.0,6999.0
M670,4735.08259428095,4100.0,3070.0,2790.0,2470.0,2690.0,2250.0,2300.0,2360.0,2820.0,4630.0,5200.0,11150.0,4090.0,2990.0,2620.0,2380.0,2320.0
M671,4544.731479844573,1475.0,1326.0,997.0,943.0,902.0,901.0,936.0,963.0,963.0,1043.0,1122.0,1480.0,1469.0,1315.0,985.0,913.0,925.0
M672,4558.327616133168,1790.5,1736.4,1688.8,1686.5,1683.3,1683.2,1667.6,1660.4,1681.1,1743.7,1739.5,1750.8,1762.4,1712.1,1647.9,1635.6,1640.8
M673,4607.281681112955,7946.0,7530.0,6702.0,6471.0,6528.0,6327.0,6278.0,6337.0,6521.0,7152.0,7500.0,7969.0,7805.0,7384.0,6575.0,6451.0,6426.0
M674,4716.354173034404,7016.0,7007.0,6428.0,6046.0,5833.0,6155.0,6597.0,6689.0,6507.0,6280.0,6441.0,6852.0,6875.0,6937.0,6639.0,6246.0,5781.0
M675,4607.694319715243,7530.0,7830.0,6150.0,5520.0,5200.0,5170.0,5250.0,5560.0,5590.0,6640.0,7600.0,7950.0,7580.0,7890.0,6290.0,5830.0,5640.0
M676,4359.398758416966,4395.0,4407.2,4477.0,4530.2,4588.5,4511.4,4493.0,4463.2,4454.4,4466.5,4505.7,4476.8,4400.6,4392.2,4414.1,4475.7,4512.6
M677,4293.391972100773,4228.0,4263.0,4377.0,4448.0,4406.0,4416.0,4462.0,4357.0,4267.0,4042.0,3989.0,4031.0,3903.0,3870.0,3835.0,3949.0,3890.0
M678,4403.621566524183,3010.0,2955.0,3000.0,2953.0,2927.0,2875.0,2842.0,2751.0,2719.0,2777.0,2887.0,2841.0,2767.0,2649.0,2729.0,2688.0,2700.0
M679,4253.192817429946,5624.0,4742.0,4326.0,4154.0,4105.0,4026.0,4106.0,4275.0,4243.0,4686.0,4812.0,5900.0,5537.0,4672.0,4201.0,4128.0,4193.0
M680,3847.8711734914687,2950.0,2920.0,2610.0,2400.0,2330.0,2250.0,2300.0,2270.0,2610.0,2800.0,2880.0,3080.0,2910.0,2890.0,2480.0,2160.0,2220.0
M681,3537.9227887189554,3230.0,3560.0,3570.0,3580.0,3600.0,3550.0,3590.0,3580.0,3640.0,3690.0,3660.0,3360.0,3340.0,3680.0,3690.0,3710.0,3690.0
M682,3328.434127417445,2140.0,2080.0,1930.0,1930.0,1980.0,1900.0,1920.0,1890.0,1910.0,2020.0,2170.0,2240.0,2210.0,2110.0,1880.0,1870.0,1880.0
M683,3201.4541568152517,1851.0,1852.0,1813.0,1790.0,1804.0,1758.0,1769.0,1770.0,1789.0,1840.0,1880.0,1858.0,1845.0,1834.0,1792.0,1765.0,1763.0
M684,3112.884041736518,4060.0,3990.0,3830.0,3780.0,3730.0,3610.0,3650.0,3690.0,3770.0,3930.0,3900.0,3910.0,3980.0,3960.0,3810.0,3720.0,3690.0
M685,2951.1866181871283,2066.0,1945.0,1862.0,1544.0,1883.0,1623.0,1857.0,2334.0,2230.0,2155.0,2570.0,1820.0,2132.0,1917.0,1899.0,1791.0,1916.0
M686,2945.1188563409232,3168.0,2503.0,2617.0,2129.0,2727.0,2773.0,2387.0,2553.0,2577.0,3503.0,4711.0,2440.0,2629.0,3514.0,2174.0,2958.0,3401.0
M687,3081.7780501375696,3939.0,4189.0,4223.0,4247.0,4188.0,4067.0,4216.0,4215.0,4234.0,4101.0,3684.0,3579.0,3899.0,4179.0,4215.0,4223.0,4177.0
M688,3178.8585916664397,2958.0,2971.0,3013.0,3038.0,3024.0,2997.0,3047.0,3115.0,3120.0,3102.0,3036.0,3017.0,3056.0,3057.0,3095.0,3134.0,3127.0
M689,3556.7348067198027,2617.4,2646.4,2683.8,2717.0,2722.7,2674.8,2700.4,2710.5,2717.8,2696.3,2655.6,2642.0,2675.5,2705.4,2730.1,2748.4,2754.7
M690,3752.952655336147,2495.0,1855.0,1817.0,1508.0,2114.0,2235.0,1777.0,1880.0,1951.0,2883.0,4059.0,1700.0,2017.0,3029.0,1652.0,2499.0,2548.0
M691,3715.201545207721,2258.0,2400.0,2426.0,2441.0,2395.0,2316.0,2417.0,2415.0,2430.0,2339.0,2088.0,2021.0,2235.0,2392.0,2418.0,2423.0,2400.0
M692,3822.53839082309,6170.0,6110.0,6160.0,6670.0,6820.0,6260.0,6150.0,6120.0,6240.0,6210.0,6120.0,6160.0,6140.0,6070.0,6300.0,7120.0,7260.0
M693,4269.2245946680305,3290.0,3270.0,3270.0,3270.0,3230.0,3220.0,3220.0,3100.0,3170.0,3230.0,3180.0,3200.0,3190.0,3090.0,3120.0,3030.0,3040.0
M694,4618.7707466669535,4410.0,4840.0,5050.0,5160.0,4760.0,4810.0,4970.0,4980.0,5070.0,4320.0,4210.0,4160.0,4410.0,4940.0,5100.0,5090.0,4890.0
M695,4526.422631113187,8650.0,9650.0,9700.0,9780.0,9670.0,8860.0,9750.0,9680.0,9750.0,9410.0,6850.0,6200.0,8330.0,9470.0,9560.0,9640.0,9580.0
M696,4848.825229391086,1970.0,2600.0,2650.0,2690.0,2640.0,2520.0,2620.0,2640.0,2630.0,2470.0,1920.0,1870.0,1880.0,2550.0,2620.0,2620.0,2590.0
M697,5631.656537000155,3250.0,2880.0,2960.0,2940.0,2790.0,2370.0,2960.0,3120.0,2400.0,1880.0,2390.0,1650.0,1850.0,1940.0,2000.0,1780.0,2050.0
M698,5965.113825390557,4560.0,4510.0,4640.0,3750.0,4210.0,4520.0,5330.0,5710.0,6700.0,5470.0,5600.0,5780.0,6910.0,5190.0,7560.0,4660.0,4170.0
M699,5881.372791513945,13270.0,5640.0,7000.0,4140.0,4930.0,6150.0,9350.0,6460.0,8010.0,9690.0,9510.0,6530.0,10100.0,5980.0,8130.0,5130.0,7620.0
M700,5734.46050721285,2019.0,2151.0,2171.0,2185.0,2175.0,2113.0,2163.0,2170.0,2173.0,2166.0,2113.0,1990.0,2022.0,2152.0,2171.0,2187.0,2176.0
M701,5524.210821547829,1340.0,1340.0,1350.0,1380.0,1380.0,1370.0,1380.0,1400.0,1390.0,1390.0,1400.0,1390.0,1370.0,1350.0,1360.0,1360.0,1350.0
M702,5479.616494912864,11510.0,11450.0,11290.0,11280.0,11220.0,11140.0,11390.0,11500.0,11700.0,11750.0,11840.0,11600.0,11730.0,11600.0,11530.0,11320.0,11240.0
M703,5483.798334439866,12031.0,12214.0,12261.0,12282.0,12327.0,12092.0,12193.0,12244.0,12327.0,12357.0,12317.0,12150.0,12201.0,12335.0,12377.0,12384.0,12357.0
M704,5548.812080097279,4400.0,4370.0,4470.0,4440.0,4500.0,4380.0,4400.0,4450.0,4420.0,4450.0,4510.0,4500.0,4440.0,4470.0,4480.0,4490.0,4540.0
M705,5187.25319625882,3050.0,3370.0,3460.0,3500.0,3430.0,3280.0,3460.0,3470.0,3460.0,3490.0,3280.0,3060.0,3140.0,3480.0,3580.0,3600.0,3550.0
M706,4745.747829971069,1124.0,1138.0,1145.0,1143.0,1142.0,1125.0,1129.0,1129.0,1136.0,1146.0,1140.0,1117.0,1132.0,1144.0,1150.0,1146.0,1143.0
M707,4756.6212295006735,6890.0,7100.0,7130.0,7170.0,7160.0,7070.0,7130.0,7160.0,7140.0,7110.0,7030.0,6820.0,6920.0,7120.0,7160.0,7200.0,7190.0
M708,4495.3767969403325,2660.0,2330.0,2020.0,1690.0,1680.0,2050.0,2030.0,2440.0,2910.0,2350.0,3030.0,2890.0,2920.0,2950.0,2490.0,1940.0,1850.0
M709,3884.7573041976057,2660.0,2350.0,2070.0,1690.0,3280.0,2510.0,4760.0,2440.0,3260.0,2500.0,3210.0,5320.0,6480.0,2950.0,4820.0,1940.0,2280.0
M710,3642.4417646364495,6710.0,6510.0,6480.0,6390.0,6530.0,6230.0,6280.0,6300.0,6460.0,6530.0,6710.0,6690.0,6620.0,6420.0,6510.0,6440.0,6620.0
M711,3719.422720121494,2440.0,2440.0,2430.0,2420.0,2410.0,2430.0,2440.0,2460.0,2500.0,2520.0,2590.0,2560.0,2500.0,2500.0,2470.0,2410.0,2450.0
M712,3847.4259052010993,2250.0,2250.0,2250.0,2220.0,2210.0,2130.0,2100.0,2100.0,2100.0,2170.0,2240.0,2250.0,2270.0,2220.0,2270.0,2280.0,2320.0
M713,3795.0701787439248,1370.0,1500.0,1510.0,1500.0,1350.0,1410.0,1500.0,1490.0,1480.0,1370.0,1370.0,1370.0,1360.0,1490.0,1530.0,1540.0,1440.0
M714,4145.682422230766,5210.0,5340.0,5340.0,5350.0,5330.0,5310.0,5360.0,5360.0,5300.0,5310.0,4810.0,4840.0,5160.0,5280.0,5280.0,5280.0,5270.0
M715,4716.298571669943,3676.0,3315.0,3326.0,3214.0,3572.0,2726.0,3523.0,4061.0,4370.0,4770.0,5466.0,3570.0,4351.0,3972.0,3862.0,3803.0,4968.0
M716,4532.123578122231,6939.0,7976.0,6038.0,8553.0,8114.0,6962.0,8684.0,7634.0,7925.0,10242.0,8987.0,6063.0,9223.0,8355.0,8274.0,7830.0,10450.0
M717,4339.217285258921,2358.2,2431.3,2496.9,2512.6,2497.7,2483.3,2511.8,2538.9,2552.1,2567.9,2556.5,2368.9,2395.8,2478.3,2561.6,2574.2,2561.2
M718,4307.973416494238,4888.0,4887.0,4882.0,4895.0,4908.0,4827.0,4937.0,4945.0,4975.0,4934.0,4957.0,4961.0,5010.0,4978.0,5006.0,5038.0,4979.0
M719,4331.734063984006,1869.5,1851.7,1855.4,1849.0,1856.1,1821.5,1850.4,1860.0,1888.5,1902.9,1932.0,1932.1,1932.4,1917.6,1915.0,1903.4,1913.4
M720,4238.41028205741,16095.2,16151.0,16290.8,16376.2,16407.8,16118.1,16226.2,16299.8,16401.2,16474.0,16549.8,16361.3,16435.8,16519.5,16661.4,16754.6,16750.0
M721,4033.3867769222243,2920.0,2880.0,2900.0,2820.0,2730.0,2600.0,2550.0,2470.0,2520.0,2550.0,2610.0,2620.0,2590.0,2550.0,2520.0,2500.0,2450.0
M722,3965.6795572525866,2030.0,2020.0,2100.0,2110.0,2090.0,2040.0,1990.0,2070.0,2080.0,2100.0,2090.0,2090.0,2100.0,2090.0,2110.0,2120.0,2110.0
M723,4164.319540764922,2490.0,2700.0,2860.0,2920.0,2920.0,2850.0,2850.0,2950.0,2960.0,2940.0,2780.0,2310.0,2490.0,2720.0,2940.0,3010.0,3010.0
M724,4366.641240013709,1450.0,1570.0,1640.0,1660.0,1670.0,1630.0,1610.0,1670.0,1680.0,1710.0,1680.0,1520.0,1460.0,1560.0,1640.0,1700.0,1690.0
M725,4564.873390040288,2740.0,3100.0,3270.0,3350.0,3340.0,3330.0,3480.0,3440.0,3470.0,3520.0,3540.0,3240.0,3100.0,3300.0,3470.0,3550.0,3540.0
M726,4345.642618191758,1600.0,1590.0,1670.0,1580.0,1580.0,1580.0,1580.0,1590.0,1600.0,1620.0,1650.0,1650.0,1630.0,1630.0,1700.0,1620.0,1610.0
M727,4022.515746831011,2365.0,3638.0,1498.0,3724.0,2258.0,2129.0,2769.0,2723.0,2979.0,3770.0,2513.0,2104.0,3406.0,2553.0,2450.0,2163.0,3038.0
M728,4088.3940038314518,6625.0,6829.0,7006.0,7067.0,7070.0,6958.0,7051.0,7121.0,7107.0,7153.0,7118.0,6621.0,6598.0,6813.0,6999.0,7051.0,7045.0
M729,4248.855113184055,7440.0,7420.0,7520.0,7490.0,7510.0,7400.0,7400.0,7490.0,7540.0,7650.0,7630.0,7590.0,7740.0,7710.0,7680.0,7740.0,7680.0
M730,4601.232088060351,4662.0,4646.0,4668.0,4672.0,4681.0,4629.0,4661.0,4678.0,4719.0,4758.0,4797.0,4770.0,4771.0,4803.0,4787.0,4805.0,4808.0
M731,4748.353419349451,6853.0,7140.0,7355.0,7388.0,7393.0,7297.0,7381.0,7440.0,7406.0,7467.0,7340.0,6913.0,6971.0,7276.0,7471.0,7516.0,7531.0
M732,4781.973305840226,5850.0,5850.0,5880.0,5890.0,6030.0,5860.0,5900.0,5890.0,5910.0,5910.0,5950.0,5920.0,5930.0,5930.0,5920.0,6030.0,6250.0
M733,4772.877383998406,5410.0,5410.0,5440.0,5460.0,5600.0,5430.0,5470.0,5460.0,5480.0,5480.0,5510.0,5480.0,5490.0,5490.0,5480.0,5590.0,5810.0
M734,4745.946944087502,1121.0,1131.0,1201.0,1219.0,1218.0,1213.0,1218.0,1229.0,1228.0,1233.0,1230.0,1163.0,1137.0,1162.0,1226.0,1241.0,1241.0
M735,4514.032511174254,7250.0,7310.0,8030.0,8200.0,8210.0,8140.0,8200.0,8290.0,8270.0,8320.0,8280.0,7610.0,7370.0,7600.0,8220.0,8390.0,8410.0
M736,4110.081155650982,5147.0,5424.0,5566.0,5580.0,5572.0,5498.0,5573.0,5622.0,5587.0,5643.0,5515.0,5158.0,5241.0,5521.0,5653.0,5672.0,5665.0
M737,3777.913453155146,2574.0,2881.0,3030.0,3048.0,3041.0,2972.0,3044.0,3083.0,3065.0,3105.0,2933.0,2560.0,2642.0,2950.0,3092.0,3111.0,3110.0
M738,3459.2463931972197,2573.0,2543.0,2536.0,2532.0,2531.0,2526.0,2529.0,2539.0,2522.0,2538.0,2582.0,2598.0,2599.0,2571.0,2561.0,2561.0,2555.0
M739,3157.168991787923,1174.0,1173.0,1170.0,1169.0,1166.0,1165.0,1182.0,1174.0,1181.0,1176.0,1187.0,1552.0,1194.0,1030.0,1155.0,1179.0,1175.0
M740,3038.046903242942,7170.0,7130.0,7240.0,7360.0,7140.0,7190.0,7160.0,7290.0,7270.0,7380.0,7400.0,7400.0,7490.0,7420.0,7450.0,7380.0,7380.0
M741,3253.0777765745925,1329.0,1435.0,1521.0,1513.0,1511.0,1429.0,1541.0,1558.0,1582.0,1547.0,1441.0,1358.0,1374.0,1482.0,1575.0,1599.0,1594.0
M742,3291.939168097354,1078.0,1079.0,1130.0,1140.0,1136.0,1124.0,1143.0,1158.0,1151.0,1158.0,1161.0,1091.0,1084.0,1085.0,1160.0,1179.0,1169.0
M743,3116.8900695275033,2465.0,2439.0,2424.0,2421.0,2416.0,2422.0,2423.0,2426.0,2430.0,2441.0,2482.0,2500.0,2490.0,2463.0,2440.0,2435.0,2423.0
M744,3389.5183216710952,2590.0,2660.0,2710.0,2690.0,2630.0,2640.0,2650.0,2780.0,2780.0,2730.0,2670.0,2580.0,2610.0,2730.0,2840.0,2800.0,2820.0
M745,3829.6811005622776,1420.0,1470.0,1520.0,1490.0,1430.0,1460.0,1480.0,1570.0,1570.0,1510.0,1460.0,1390.0,1440.0,1550.0,1630.0,1600.0,1600.0
M746,3937.04222304489,2252.0,2295.0,2373.0,2394.0,2401.0,2401.0,2406.0,2447.0,2444.0,2451.0,2425.0,2274.0,2337.0,2391.0,2476.0,2505.0,2524.0
M747,3925.413048825774,11280.0,11260.0,11380.0,11530.0,11570.0,11430.0,11570.0,11490.0,11510.0,11430.0,11400.0,11210.0,11130.0,11160.0,11250.0,11330.0,11500.0
M748,3930.1610555125953,2050.0,2050.0,2050.0,2060.0,2070.0,2040.0,2040.0,2040.0,2050.0,2060.0,2080.0,2070.0,2080.0,2080.0,2080.0,2090.0,2100.0
M749,4048.0004010298653,1470.0,1470.0,1470.0,1480.0,1490.0,1470.0,1470.0,1470.0,1480.0,1490.0,1500.0,1490.0,1500.0,1500.0,1500.0,1510.0,1520.0
M750,4183.2145700222845,10220.0,10670.0,11270.0,11410.0,11460.0,11500.0,11510.0,11880.0,11810.0,11830.0,11440.0,10110.0,10770.0,11240.0,11900.0,12120.0,12300.0
M751,4296.188201901883,4090.0,6300.0,6250.0,4450.0,4260.0,4900.0,5230.0,4770.0,5930.0,6630.0,6550.0,4920.0,6120.0,6910.0,5430.0,6210.0,7310.0
M752,4390.49533385666,6830.0,6780.0,6670.0,6600.0,6660.0,6630.0,6750.0,6900.0,6900.0,6930.0,6950.0,7000.0,6950.0,6890.0,6820.0,6790.0,6870.0
M753,4014.7517079671143,1390.0,1390.0,1390.0,1390.0,1410.0,1370.0,1380.0,1380.0,1390.0,1400.0,1400.0,1420.0,1410.0,1410.0,1420.0,1410.0,1420.0
M754,3602.3837868897494,1131.0,1143.0,1168.0,1170.0,1162.0,1166.0,1168.0,1171.0,1172.0,1176.0,1182.0,1154.0,1145.0,1153.0,1175.0,1177.0,1173.0
M755,3697.0912826437125,5240.0,5540.0,5930.0,6080.0,5710.0,5890.0,5920.0,6100.0,6060.0,6100.0,6090.0,5230.0,5300.0,5660.0,6070.0,6230.0,5860.0
M756,3582.085098062295,3060.0,3190.0,3160.0,3180.0,3160.0,3120.0,3170.0,3180.0,3200.0,3210.0,3200.0,2930.0,3060.0,3180.0,3200.0,3220.0,3180.0
M757,3282.468351764187,3660.0,3960.0,8620.0,8800.0,8840.0,5940.0,13050.0,4470.0,9550.0,10160.0,10750.0,3990.0,12850.0,4780.0,8890.0,8430.0,7850.0
M758,3240.7829820318975,2274.0,2318.0,2389.0,2407.0,2406.0,2383.0,2402.0,2426.0,2429.0,2441.0,2468.0,2339.0,2336.0,2384.0,2451.0,2472.0,2469.0
M759,3473.7068423490878,2240.0,2210.0,2230.0,2230.0,2210.0,2260.0,2270.0,2280.0,2300.0,2330.0,2330.0,2360.0,2380.0,2370.0,2370.0,2360.0,2340.0
M760,4164.445015498803,1193.0,1186.0,1174.0,1181.0,1171.0,1164.0,1172.0,1189.0,1201.0,1213.0,1233.0,1251.0,1239.0,1236.0,1231.0,1220.0,1210.0
M761,4542.097689933477,4600.0,4610.0,4640.0,4650.0,4670.0,4640.0,4640.0,4640.0,4650.0,4660.0,4670.0,4670.0,4680.0,4670.0,4680.0,4680.0,4720.0
M762,4469.840706544912,4330.0,4340.0,4680.0,4730.0,4700.0,4690.0,4740.0,4790.0,4800.0,4840.0,4830.0,4540.0,4470.0,4530.0,4850.0,4920.0,4870.0
M763,4538.534594277489,2790.0,2790.0,3130.0,3190.0,3170.0,3150.0,3190.0,3230.0,3230.0,3270.0,3240.0,2930.0,2860.0,2910.0,3220.0,3290.0,3260.0
M764,4801.227725660063,7130.0,7610.0,7960.0,8100.0,8110.0,7930.0,8070.0,8220.0,8190.0,8180.0,8180.0,7180.0,7270.0,7750.0,8080.0,8210.0,8220.0
M765,5116.058325144031,6680.0,6620.0,6610.0,6590.0,6580.0,6570.0,6570.0,6610.0,6650.0,6730.0,7000.0,7000.0,6940.0,6890.0,6900.0,6910.0,6880.0
M766,5282.181984697398,12420.0,7960.0,9790.0,8110.0,15030.0,8390.0,13610.0,13050.0,7380.0,18600.0,9520.0,8030.0,8610.0,17230.0,13990.0,15960.0,14900.0
M767,5490.396838402414,3016.0,3055.0,3119.0,3139.0,3127.0,3099.0,3117.0,3145.0,3156.0,3173.0,3151.0,3040.0,3040.0,3079.0,3140.0,3167.0,3152.0
M768,5500.4444549120035,3550.0,3520.0,3520.0,3520.0,3500.0,3460.0,3460.0,3470.0,3490.0,3530.0,3550.0,3550.0,3590.0,3570.0,3570.0,3590.0,3570.0
M769,5428.840235444512,4820.0,5140.0,5440.0,5460.0,5470.0,5030.0,5430.0,5520.0,5550.0,5500.0,5160.0,4950.0,4860.0,5230.0,5520.0,5540.0,5450.0
M770,5367.608988306133,7420.0,7550.0,7690.0,7640.0,7600.0,7500.0,7600.0,7660.0,7690.0,7720.0,7490.0,7470.0,7350.0,7490.0,7640.0,7690.0,7650.0
M771,5236.773560722773,4650.0,4780.0,4930.0,4890.0,4860.0,4750.0,4850.0,4900.0,4940.0,4970.0,4710.0,4700.0,4580.0,4730.0,4890.0,4930.0,4890.0
M772,4793.07681596104,2770.0,2770.0,2760.0,2750.0,2740.0,2750.0,2750.0,2760.0,2750.0,2750.0,2780.0,2770.0,2770.0,2760.0,2750.0,2760.0,2760.0
M773,4381.628824468857,8020.0,8530.0,9010.0,9230.0,9140.0,9020.0,9060.0,9260.0,9280.0,9330.0,9090.0,7890.0,8050.0,8540.0,8990.0,9170.0,9080.0
M774,4353.882456269519,1151.0,1128.0,1129.0,1130.0,1129.0,1126.0,1131.0,1132.0,1137.0,1147.0,1171.0,1182.0,1176.0,1151.0,1152.0,1155.0,1151.0
M775,4173.050462126586,4250.0,7740.0,4560.0,4440.0,8100.0,11450.0,4090.0,3050.0,2350.0,3500.0,6140.0,2160.0,3980.0,6380.0,8280.0,3640.0,8420.0
M776,3785.133895951926,4200.0,4190.0,4510.0,4610.0,4550.0,4530.0,4630.0,4650.0,4640.0,4640.0,4650.0,4490.0,4470.0,4440.0,4720.0,4780.0,4860.0
M777,3493.4694950418216,6470.0,6500.0,6500.0,6550.0,6520.0,6430.0,6610.0,6720.0,6710.0,6760.0,6770.0,6760.0,6750.0,6770.0,6790.0,6750.0,6730.0
M778,3444.721467159119,1980.0,1950.0,2130.0,2200.0,2180.0,2200.0,2210.0,2230.0,2260.0,2280.0,2300.0,2040.0,2080.0,2050.0,2260.0,2330.0,2320.0
M779,3630.1260853824247,3580.0,3630.0,3850.0,3890.0,3850.0,3730.0,3870.0,3940.0,3920.0,3930.0,3880.0,3560.0,3620.0,3600.0,3860.0,3940.0,3890.0
M780,3843.4476288146975,2320.0,2390.0,2450.0,2480.0,2460.0,2370.0,2480.0,2520.0,2490.0,2520.0,2500.0,2370.0,2370.0,2460.0,2530.0,2550.0,2530.0
M781,3800.092137117488,1710.0,1850.0,1890.0,1940.0,1910.0,1910.0,1940.0,1960.0,1970.0,1960.0,1860.0,1610.0,1810.0,1930.0,1990.0,2010.0,2010.0
M782,3645.901202684101,1220.0,1210.0,1200.0,1200.0,1210.0,1170.0,1180.0,1180.0,1190.0,1190.0,1250.0,1280.0,1230.0,1220.0,1220.0,1220.0,1220.0
M783,3321.6535798787586,3850.0,3980.0,4010.0,4070.0,4050.0,4010.0,4050.0,4070.0,4100.0,4090.0,4050.0,3830.0,3980.0,4090.0,4160.0,4180.0,4170.0
M784,3195.7329463985493,2400.0,2450.0,2500.0,2520.0,2500.0,2480.0,2520.0,2500.0,2540.0,2540.0,2530.0,2410.0,2400.0,2470.0,2530.0,2550.0,2540.0
M785,3605.321621021141,12840.0,12750.0,12860.0,12940.0,12910.0,12740.0,12840.0,12840.0,12960.0,12990.0,13090.0,13020.0,13030.0,13110.0,12990.0,13070.0,13100.0
M786,3958.9984532295684,1451.0,1538.0,1616.0,1624.0,1612.0,1570.0,1622.0,1626.0,1615.0,1630.0,1615.0,1485.0,1450.0,1556.0,1636.0,1636.0,1631.0
M787,4156.912674998187,2910.0,2950.0,3130.0,3160.0,3160.0,3160.0,3170.0,3190.0,3190.0,3200.0,3220.0,2970.0,2930.0,2980.0,3190.0,3190.0,3190.0
M788,4456.99363378174,1840.0,1860.0,2060.0,2090.0,2090.0,2090.0,2100.0,2110.0,2110.0,2120.0,2140.0,1890.0,1850.0,1900.0,2090.0,2120.0,2120.0
M789,4788.659998647807,1048.0,1131.0,1191.0,1197.0,1183.0,1143.0,1194.0,1196.0,1185.0,1199.0,1180.0,1076.0,1045.0,1146.0,1205.0,1204.0,1196.0
M790,4937.828041751598,4380.0,4220.0,4210.0,4210.0,4210.0,4180.0,4200.0,4210.0,4040.0,4060.0,4140.0,4200.0,4270.0,4120.0,4110.0,4120.0,4120.0
M791,4422.418300391352,11010.0,11920.0,12700.0,12780.0,12780.0,12240.0,13090.0,13260.0,13420.0,13220.0,12520.0,11280.0,11200.0,12260.0,13020.0,13170.0,13220.0
M792,4044.4638021139385,3378.0,3371.0,3382.0,3378.0,3390.0,3355.0,3377.0,3394.0,3423.0,3459.0,3488.0,3468.0,3468.0,3492.0,3488.0,3498.0,3498.0
M793,4075.250703133939,5402.0,5602.0,5739.0,5764.0,5781.0,5727.0,5759.0,5814.0,5791.0,5837.0,5725.0,5428.0,5521.0,5720.0,5835.0,5880.0,5900.0
M794,4141.08682287795,4730.0,4730.0,4760.0,4780.0,4900.0,4750.0,4790.0,4780.0,4800.0,4800.0,4820.0,4800.0,4810.0,4810.0,4800.0,4900.0,5090.0
M795,4481.585206561286,8300.0,8360.0,8880.0,9030.0,9020.0,8970.0,9010.0,9100.0,9090.0,9130.0,9080.0,8660.0,8440.0,8640.0,9070.0,9220.0,9220.0
M796,4586.2526355774235,1530.0,1520.0,1540.0,1540.0,1540.0,1510.0,1530.0,1540.0,1550.0,1570.0,1580.0,1600.0,1610.0,1580.0,1570.0,1570.0,1560.0
M797,4092.9129647661457,1340.0,1330.0,1340.0,1350.0,1370.0,1340.0,1340.0,1350.0,1350.0,1340.0,1350.0,1350.0,1350.0,1360.0,1360.0,1360.0,1390.0
M798,3682.149072308649,3880.0,3940.0,4030.0,3980.0,3940.0,3840.0,3950.0,3970.0,3990.0,4010.0,3750.0,3790.0,3700.0,3820.0,3880.0,3930.0,3900.0
M799,3555.0638089668764,1220.0,1210.0,1200.0,1190.0,1180.0,1190.0,1190.0,1190.0,1190.0,1190.0,1210.0,1200.0,1200.0,1200.0,1190.0,1190.0,1190.0
M800,3319.1495140701118,5110.0,5490.0,5830.0,5960.0,5900.0,5810.0,5840.0,5970.0,6020.0,6050.0,6060.0,5220.0,5210.0,5560.0,5900.0,6030.0,5970.0
M801,3097.910439668855,5950.0,5800.0,5810.0,5800.0,5780.0,5770.0,5790.0,5790.0,5820.0,5890.0,6040.0,6120.0,6060.0,5910.0,5910.0,5900.0,5880.0
M802,3107.4971181460232,1990.0,2050.0,2100.0,2100.0,2100.0,2100.0,2090.0,2120.0,2140.0,2150.0,2170.0,2110.0,2080.0,2110.0,2200.0,2190.0,2180.0
M803,3228.7429264146604,1560.0,1550.0,1580.0,1620.0,1600.0,1570.0,1560.0,1590.0,1570.0,1580.0,1620.0,1480.0,1540.0,1500.0,1530.0,1550.0,1520.0
M804,3248.5383994126105,2970.0,2940.0,2950.0,2940.0,2920.0,2890.0,2890.0,2910.0,2930.0,2940.0,2950.0,2950.0,2980.0,2960.0,2970.0,2960.0,2940.0
M805,3499.1634600144134,2760.0,2770.0,2920.0,2920.0,2930.0,2930.0,2950.0,2980.0,2980.0,2980.0,3010.0,2770.0,2780.0,2760.0,2990.0,3030.0,3010.0
M806,3639.7906554516294,1710.0,1730.0,1880.0,1910.0,1920.0,1920.0,1950.0,1980.0,1980.0,1970.0,2000.0,1760.0,1770.0,1730.0,1970.0,2010.0,2000.0
M807,3409.1710505803435,6010.0,6620.0,7070.0,7320.0,7200.0,6870.0,7270.0,7290.0,7320.0,7690.0,7140.0,6050.0,5700.0,6840.0,7270.0,7400.0,7280.0
M808,3637.0792219849745,4050.0,3890.0,3860.0,3850.0,3880.0,3860.0,3880.0,3880.0,3900.0,3920.0,3970.0,4100.0,4080.0,3930.0,3880.0,3870.0,3850.0
M809,4052.8999711703345,1730.0,1606.0,1703.0,1468.0,1399.0,1315.0,1582.0,1908.0,2016.0,2017.0,2157.0,1949.0,2053.0,1732.0,1687.0,1649.0,1726.0
M810,4184.952751908514,3965.0,4196.0,4288.0,4305.0,4267.0,4140.0,4258.0,4296.0,4312.0,4369.0,4248.0,4038.0,4087.0,4286.0,4365.0,4378.0,4338.0
M811,4337.8435319906375,7150.0,7070.0,7050.0,7090.0,7150.0,7130.0,7160.0,7170.0,7140.0,7140.0,7210.0,7260.0,7260.0,7190.0,7220.0,7130.0,7120.0
M812,4507.005196485939,2555.3,2558.0,2564.5,2570.3,2598.1,2552.0,2569.8,2582.8,2585.3,2593.4,2627.3,2624.6,2630.2,2625.8,2634.6,2636.2,2645.1
M813,4455.4899461226005,2970.0,2910.0,2920.0,2900.0,2900.0,2830.0,2740.0,2650.0,2650.0,2610.0,2620.0,2610.0,2580.0,2560.0,2560.0,2530.0,2530.0
M814,4261.067071291762,10440.0,10340.0,10340.0,10280.0,10420.0,10360.0,10400.0,10390.0,10390.0,10450.0,10600.0,10570.0,10560.0,10430.0,10460.0,10390.0,10320.0
M815,4192.446981795485,3090.0,2550.0,2620.0,2110.0,1800.0,2020.0,2750.0,3790.0,3580.0,3620.0,3840.0,3100.0,3560.0,2800.0,2380.0,2240.0,2430.0
M816,4094.363065368241,4610.0,2550.0,2620.0,2110.0,2520.0,2130.0,2820.0,3790.0,5340.0,6050.0,4100.0,3580.0,3670.0,5540.0,7050.0,3040.0,4580.0
M817,3827.82076565222,4790.0,5000.0,5040.0,5070.0,5060.0,4930.0,5040.0,5070.0,5080.0,5120.0,5000.0,4710.0,4730.0,5070.0,5150.0,5190.0,5190.0
M818,3660.933500678996,3740.0,3650.0,3520.0,3460.0,3480.0,3300.0,3420.0,3520.0,3570.0,3730.0,3830.0,3830.0,3790.0,3630.0,3530.0,3530.0,3400.0
M819,3709.8874884056063,2744.0,2756.0,2757.0,2751.0,2769.0,2703.0,2724.0,2746.0,2761.0,2791.0,2804.0,2787.0,2781.0,2793.0,2800.0,2810.0,2800.0
M820,3548.243513659737,2650.0,2750.0,2760.0,2800.0,2770.0,2760.0,2780.0,2790.0,2800.0,2820.0,2790.0,2550.0,2560.0,2760.0,2810.0,2840.0,2820.0
M821,3292.862210176392,1483.0,1772.0,1073.0,1587.0,2110.0,1495.0,1435.0,1564.0,1652.0,1987.0,1289.0,1419.0,1540.0,1829.0,2612.0,2317.0,1648.0
M822,3189.580674395108,1858.0,1942.0,1949.0,1960.0,1943.0,1893.0,1941.0,1956.0,1967.0,1987.0,1964.0,1880.0,1907.0,1950.0,1972.0,1977.0,1962.0
M823,3155.8301543200887,2860.0,2790.0,2720.0,2480.0,2360.0,2340.0,2350.0,2420.0,2600.0,2780.0,2850.0,2880.0,2860.0,2780.0,2690.0,2640.0,2550.0
M824,3189.0868071084305,2840.0,2830.0,2830.0,2830.0,2860.0,2830.0,2840.0,2840.0,2860.0,2870.0,2880.0,2880.0,2870.0,2860.0,2890.0,2870.0,2900.0
M825,3199.697674151422,3860.0,4240.0,4320.0,4320.0,4310.0,3960.0,4300.0,4370.0,4380.0,4390.0,4020.0,3980.0,3990.0,4360.0,4440.0,4430.0,4430.0
M826,3206.212490476785,5670.0,6350.0,6400.0,6520.0,6470.0,6400.0,6490.0,6510.0,6460.0,6520.0,6350.0,5600.0,5920.0,6300.0,6420.0,6500.0,6410.0
M827,3254.696138541799,1730.0,1870.0,1160.0,1790.0,1370.0,760.0,1310.0,1640.0,1710.0,2500.0,3670.0,4680.0,4610.0,6080.0,2710.0,4230.0,1280.0
M828,3345.736384182809,3490.0,3760.0,3850.0,3850.0,3790.0,3610.0,3790.0,3840.0,3850.0,3920.0,3870.0,3510.0,3610.0,3900.0,3980.0,3980.0,3910.0
M829,3351.4455464083235,5100.0,2600.0,4800.0,4200.0,4700.0,4200.0,3100.0,10200.0,8000.0,5200.0,3800.0,4500.0,3700.0,4100.0,5200.0,4200.0,4700.0
M830,3249.3533518700337,4228.84,4220.64,4233.28,4268.63,4305.99,4301.57,4291.9,4323.39,4362.83,4373.21,4371.31,4388.48,4358.32,4384.38,4383.38,4394.05,4401.32
M831,3119.2654202316553,2510.0,2250.0,2190.0,1910.0,2040.0,1090.0,1140.0,2640.0,2280.0,1710.0,2550.0,2320.0,2370.0,2010.0,2700.0,1830.0,1780.0
M832,3349.8266916024104,3040.0,5120.0,6740.0,5330.0,5090.0,1540.0,4210.0,5760.0,3800.0,3680.0,5040.0,2850.0,3570.0,6310.0,5240.0,2450.0,2260.0
M833,3668.288371054846,2256.0,2369.0,2416.0,2443.0,2435.0,2390.0,2410.0,2418.0,2419.0,2431.0,2399.0,2234.0,2246.0,2359.0,2402.0,2431.0,2424.0
M834,3592.877351367306,3270.0,3220.0,3280.0,3260.0,3280.0,3290.0,3350.0,3420.0,3440.0,3370.0,3420.0,3350.0,3370.0,3310.0,3320.0,3310.0,3280.0
M835,3359.7340859317337,1585.0,1533.0,1533.0,1517.0,1508.0,1462.0,1445.0,1478.0,1493.0,1557.0,1636.0,1662.0,1638.0,1546.0,1523.0,1513.0,1512.0
M836,3444.6343063909762,1664.7,1674.0,1687.7,1700.2,1700.3,1655.5,1656.6,1665.6,1685.7,1695.3,1709.4,1690.6,1682.0,1682.4,1692.0,1701.0,1699.1
M837,3620.7942539384485,1913.34,1826.53,1739.33,1738.01,1677.24,1649.17,1583.88,1642.58,1718.81,1745.73,1819.25,1798.45,1751.57,1761.74,1736.99,1783.23,1831.16
M838,3508.5654997897855,13150.7,13690.0,13262.2,12700.8,12550.2,12660.8,13128.3,13120.7,12941.6,12855.0,12290.4,12157.6,12984.7,13323.2,13074.3,12442.8,11992.4
M839,3722.2368042798344,1893.19,1891.15,1874.44,1858.9,1844.99,1843.5,1840.12,1842.51,1857.1,1864.06,1854.26,1844.04,1850.6,1861.82,1856.03,1849.0,1846.76
M840,3944.9417425329793,1517.45,1509.63,1485.4,1465.56,1447.44,1439.48,1439.07,1446.04,1458.15,1473.47,1459.23,1446.05,1455.31,1468.76,1462.08,1452.02,1449.38
M841,3914.4632163382885,1476.49,1468.78,1443.75,1423.42,1404.99,1396.61,1396.32,1403.33,1415.61,1431.07,1417.15,1402.99,1412.64,1426.29,1419.36,1408.65,1406.41
M842,4699.038407393553,9889.4,9900.2,9871.0,9814.5,9777.5,9776.7,9783.9,9781.8,9784.3,9789.8,9680.3,9641.6,9631.5,9594.7,9503.7,9412.8,9399.3
M843,5447.439346237019,1077.17,1081.78,1082.82,1080.72,1074.4,1086.87,1089.31,1094.5,1089.68,1096.96,1099.42,1089.86,1083.18,1092.48,1099.75,1095.11,1090.59
M844,4962.0027554080425,1779.71,1762.37,1688.73,1695.16,1631.72,1647.83,1616.41,1691.18,1696.18,1665.26,1756.57,1759.38,1733.33,1737.01,1678.69,1689.1,1744.21
M845,4510.95398092408,8645.2,8732.0,8685.2,8653.2,8661.9,8581.0,8565.8,8606.5,8527.2,8595.4,8487.9,8356.3,8384.9,8409.9,8264.2,8112.8,8240.5
M846,4549.478540426029,2225.89,2222.39,2199.8,2180.27,2162.1,2159.97,2154.64,2158.25,2179.42,2189.28,2180.93,2168.11,2178.24,2196.63,2193.13,2187.81,2185.27
M847,4692.328992928531,1897.66,1882.24,1840.23,1808.78,1778.74,1763.9,1762.45,1775.72,1798.18,1826.39,1810.14,1789.13,1807.47,1836.2,1832.39,1822.21,1818.56
M848,4579.591539849578,20182.5,19704.5,19457.7,19406.6,19280.2,19068.9,18794.4,18856.6,19383.5,19668.9,19681.1,19553.8,19323.0,19293.9,19424.7,19674.6,19725.8
M849,4477.19593767161,1357.72,1351.33,1326.64,1339.3,1249.75,1266.38,1247.21,1381.68,1387.25,1378.16,1381.37,1389.19,1360.9,1356.27,1336.54,1376.33,1439.02
M850,4602.2839708784,2055.7,1857.82,1751.65,1737.67,1683.82,1583.57,1464.59,1494.09,1686.73,1809.27,1849.87,1790.21,1710.3,1730.77,1762.96,1867.67,1901.62
M851,4573.761755532746,2163.06,2009.36,1912.07,1888.49,1831.24,1743.55,1640.97,1639.27,1798.63,1921.5,1956.73,1919.0,1853.49,1871.65,1892.6,1986.37,2005.08
M852,4652.895936167282,2172.38,2034.48,1946.1,1923.46,1872.81,1787.37,1686.1,1687.05,1831.67,1943.16,1978.42,1946.96,1884.8,1901.83,1923.14,2021.4,2028.37
M853,4914.372358732686,4250.0,4490.0,4540.0,4600.0,4580.0,4470.0,4510.0,4530.0,4560.0,4590.0,4610.0,4360.0,4290.0,4540.0,4570.0,4630.0,4620.0
M854,4316.848916334284,4410.0,4200.0,4250.0,4210.0,4230.0,4080.0,3980.0,4130.0,4180.0,4360.0,4780.0,4920.0,4780.0,4350.0,4350.0,4270.0,4280.0
M855,3601.0300202056824,4099.0,4091.0,4120.0,4155.0,4153.0,4008.0,4000.0,4055.0,4114.0,4141.0,4220.0,4224.0,4174.0,4131.0,4111.0,4117.0,4138.0
M856,3640.4753651919827,1760.0,1740.0,1740.0,1740.0,1760.0,1730.0,1730.0,1740.0,1760.0,1770.0,1870.0,1910.0,1860.0,1760.0,1770.0,1770.0,1770.0
M857,3697.208654260681,7980.0,8920.0,9150.0,9170.0,9110.0,8840.0,9010.0,9040.0,9010.0,8750.0,8630.0,8140.0,7970.0,8900.0,9140.0,9160.0,9100.0
M858,3827.002297412858,4790.0,4680.0,4780.0,4800.0,4730.0,4650.0,4570.0,4620.0,4640.0,4830.0,4910.0,4930.0,4870.0,4820.0,4800.0,4760.0,4730.0
M859,3829.411092865691,5609.0,5707.0,5745.0,5783.0,5761.0,5637.0,5656.0,5676.0,5749.0,5762.0,5783.0,5711.0,5674.0,5758.0,5802.0,5807.0,5793.0
M860,3681.0805185391755,2130.0,2100.0,2100.0,2080.0,1950.0,1790.0,1770.0,1720.0,1880.0,2070.0,2100.0,2060.0,2090.0,2020.0,2030.0,1890.0,1810.0
M861,3511.9690711700414,2230.0,2160.0,2170.0,2180.0,2180.0,2170.0,2180.0,2180.0,2190.0,2220.0,2310.0,2320.0,2260.0,2190.0,2210.0,2210.0,2200.0
M862,3428.268245898741,2130.0,2120.0,2120.0,2120.0,2120.0,2100.0,2100.0,2100.0,2100.0,2100.0,2100.0,2100.0,2100.0,2100.0,2100.0,2100.0,2120.0
M863,3167.100655136128,3450.0,3950.0,4030.0,4030.0,3940.0,3770.0,3940.0,3940.0,3930.0,3610.0,3530.0,3500.0,3450.0,3940.0,4020.0,4020.0,3930.0
M864,2762.1862124536237,4000.0,4440.0,4590.0,4610.0,4620.0,4540.0,4540.0,4570.0,4550.0,4600.0,4560.0,4100.0,3980.0,4420.0,4580.0,4600.0,4610.0
M865,2449.6064362538664,2480.0,2420.0,2340.0,2350.0,2350.0,2240.0,2280.0,2310.0,2380.0,2480.0,2710.0,2750.0,2740.0,2480.0,2360.0,2340.0,2300.0
M866,2590.770546402279,2620.0,2910.0,3140.0,3200.0,3090.0,2690.0,3020.0,2920.0,3030.0,2810.0,2660.0,2710.0,2600.0,2920.0,3050.0,3080.0,2930.0
M867,2902.017913764153,1830.0,2280.0,2280.0,2350.0,2320.0,2320.0,2360.0,2360.0,2390.0,2410.0,2400.0,1920.0,1860.0,2310.0,2310.0,2380.0,2340.0
M868,2879.102338855515,2020.0,2060.0,2040.0,2060.0,2040.0,1970.0,2050.0,2050.0,2070.0,2070.0,1970.0,1960.0,1940.0,1960.0,2020.0,2020.0,2010.0
M869,2788.2730378456417,1452.21,1420.88,1417.82,1417.66,1410.65,1414.22,1414.01,1418.96,1407.45,1423.33,1442.07,1459.27,1449.28,1419.67,1415.5,1407.52,1407.47
M870,2783.275261484,1600.0,1600.0,1600.0,1590.0,1590.0,1610.0,1600.0,1590.0,1600.0,1600.0,1620.0,1630.0,1630.0,1610.0,1600.0,1590.0,1600.0
M871,2881.187289507081,1297.0,1297.0,1291.0,1295.0,1293.0,1262.0,1269.0,1270.0,1290.0,1303.0,1311.0,1306.0,1300.0,1291.0,1286.0,1292.0,1290.0
M872,2932.4307835802583,9830.0,9790.0,9740.0,9790.0,9790.0,9540.0,9590.0,9600.0,9810.0,9930.0,10070.0,10100.0,10050.0,9900.0,9870.0,9910.0,9920.0
M873,2936.1702653778857,2000.0,2020.0,2040.0,2020.0,2010.0,1990.0,1980.0,1980.0,2020.0,2020.0,2040.0,2050.0,2050.0,2030.0,2040.0,2010.0,2000.0
M874,2924.0836968077633,1810.0,1810.0,1790.0,1810.0,1820.0,1800.0,1790.0,1790.0,1790.0,1780.0,1760.0,1750.0,1740.0,1730.0,1750.0,1760.0,1770.0
M875,2979.4106551231566,1590.0,2130.0,2190.0,2210.0,2210.0,2200.0,2200.0,2220.0,2210.0,2220.0,2220.0,1710.0,1600.0,2140.0,2190.0,2220.0,2210.0
M876,3073.1503237068805,5740.0,6220.0,6390.0,6450.0,6480.0,6060.0,6390.0,6430.0,6460.0,6450.0,6090.0,5730.0,5660.0,6160.0,6400.0,6490.0,6550.0
M877,3703.9961396615463,3090.0,3050.0,3000.0,2760.0,2650.0,2590.0,2580.0,2680.0,2900.0,2980.0,3060.0,3040.0,3090.0,2970.0,2940.0,2770.0,2720.0
M878,4188.867790838656,3240.0,3285.0,3332.0,3324.0,3305.0,3195.0,3227.0,3251.0,3322.0,3333.0,3306.0,3283.0,3294.0,3344.0,3383.0,3383.0,3379.0
M879,4262.563395647865,1300.0,1270.0,1280.0,1260.0,1270.0,1250.0,1250.0,1260.0,1280.0,1290.0,1320.0,1330.0,1330.0,1280.0,1280.0,1280.0,1290.0
M880,4480.07509077759,2260.0,2510.0,2550.0,2600.0,2600.0,2540.0,2530.0,2560.0,2570.0,2610.0,2640.0,2250.0,2250.0,2500.0,2540.0,2590.0,2590.0
M881,4664.313146276181,2540.0,2440.0,2480.0,2370.0,2310.0,2210.0,2240.0,2290.0,2330.0,2520.0,2550.0,2640.0,2620.0,2550.0,2520.0,2400.0,2320.0
M882,4867.350903279637,2762.0,2790.0,2817.0,2817.0,2823.0,2739.0,2767.0,2786.0,2822.0,2850.0,2857.0,2823.0,2818.0,2852.0,2879.0,2879.0,2869.0
M883,4880.746520583653,15275.6,15200.2,15385.7,15333.9,15280.9,15192.1,15388.5,15419.9,15576.2,15180.0,15210.6,15001.8,14731.8,14664.7,14915.8,14936.2,15002.9
M884,4742.166947140917,7490.0,4060.0,4590.0,3850.0,4750.0,3890.0,5020.0,4890.0,5730.0,5190.0,4400.0,4200.0,5600.0,4960.0,5000.0,4730.0,4500.0
M885,4845.958941997847,6110.0,6520.0,6690.0,6740.0,6690.0,6500.0,6570.0,6680.0,6690.0,6670.0,6320.0,6230.0,6100.0,6510.0,6610.0,6620.0,6630.0
M886,5071.501018990189,2920.19,2905.81,2952.53,2983.97,2996.73,2994.74,2998.26,3027.3,3030.7,3002.35,3003.65,2988.32,2948.46,2933.11,2950.62,2956.19,2963.92
M887,5110.709082619687,4900.0,6900.0,8000.0,5900.0,7100.0,7200.0,7800.0,8700.0,9700.0,14100.0,11500.0,8900.0,10700.0,9800.0,8100.0,9100.0,7100.0
M888,5127.544327660687,7300.0,8000.0,16800.0,8300.0,9400.0,7200.0,8700.0,8700.0,10300.0,14100.0,12500.0,8900.0,16300.0,10700.0,14100.0,9300.0,7100.0
M889,4620.195815458699,1850.0,1940.0,1960.0,1950.0,1940.0,1920.0,1930.0,1950.0,1950.0,1930.0,1890.0,1860.0,1840.0,1940.0,2000.0,2000.0,2000.0
M890,3836.4920231555825,1154.0,1246.0,1336.0,1032.0,983.0,886.0,872.0,987.0,965.0,1074.0,1255.0,868.0,1007.0,1002.0,1124.0,1000.0,1101.0
M891,3367.510106816394,5877.0,6038.0,6155.0,6194.0,6168.0,6082.0,6204.0,6202.0,6226.0,6161.0,6086.0,6045.0,6023.0,6136.0,6245.0,6303.0,6285.0
M892,3164.622957921083,3096.0,3329.0,3422.0,3449.0,3444.0,3365.0,3425.0,3443.0,3447.0,3434.0,3401.0,3136.0,3135.0,3344.0,3433.0,3446.0,3443.0
M893,3066.859766554078,2645.0,2568.0,2549.0,2497.0,2485.0,2400.0,2390.0,2484.0,2583.0,2670.0,2779.0,2760.0,2736.0,2638.0,2644.0,2567.0,2558.0
M894,2856.4151969198797,3061.052,3043.035,3063.452,3074.123,3075.878,3081.015,3097.302,3113.27,3108.139,3120.246,3136.919,3147.796,3120.982,3104.885,3107.778,3104.393,3087.467
M895,3069.6848308245044,2799.9,2830.3,2860.8,2875.4,2879.2,2814.3,2828.2,2854.2,2885.4,2897.5,2912.3,2870.8,2860.6,2879.2,2905.0,2923.1,2920.5
M896,3436.479107913531,1155.0,1149.0,1155.0,1144.0,1126.0,1074.0,1050.0,1082.0,1135.0,1150.0,1172.0,1173.0,1184.0,1181.0,1172.0,1175.0,1138.0
M897,3320.188136373653,1188.0,1173.0,1179.0,1183.0,1187.0,1169.0,1181.0,1186.0,1192.0,1198.0,1203.0,1195.0,1185.0,1182.0,1193.0,1198.0,1193.0
M898,3243.9327925224984,2973.0,2959.0,2966.0,2956.0,2946.0,2885.0,2860.0,2904.0,2961.0,2983.0,3021.0,3023.0,3022.0,3023.0,3005.0,3005.0,2976.0
M899,3434.3101489537835,2502.6,2534.4,2564.2,2579.8,2584.6,2525.8,2542.2,2563.8,2589.3,2599.2,2610.2,2568.5,2558.4,2576.9,2604.5,2622.6,2622.9
M900,3482.773425723707,4650.0,4600.0,4750.0,5160.0,5430.0,4770.0,4580.0,4550.0,4560.0,4550.0,4590.0,4590.0,4600.0,4560.0,4700.0,5040.0,5310.0
M901,3401.443883744204,9620.0,10090.0,10170.0,10300.0,10550.0,10070.0,10040.0,10030.0,10100.0,10200.0,10140.0,9940.0,9880.0,10370.0,10450.0,10580.0,10900.0
M902,3459.4420768018726,2187.0,2170.0,2204.0,2215.0,2217.0,2221.0,2243.0,2251.0,2261.0,2273.0,2279.0,2292.0,2272.0,2259.0,2255.0,2277.0,2277.0
M903,3637.5590225647074,2053.0,2052.0,2054.0,2051.0,2062.0,2030.0,2016.0,2044.0,2109.0,2146.0,2180.0,2138.0,2128.0,2106.0,2123.0,2082.0,2097.0
M904,3751.724404606751,5090.0,5100.0,5050.0,5100.0,5200.0,5130.0,5140.0,5140.0,5140.0,5140.0,5170.0,5170.0,5140.0,5130.0,5130.0,5120.0,5280.0
M905,3815.2390357881477,5220.0,5650.0,5780.0,5830.0,5790.0,5620.0,5700.0,5820.0,5840.0,5820.0,5600.0,5580.0,5530.0,5850.0,5930.0,5930.0,5920.0
M906,3800.4663175341548,1649.0,1598.0,1556.0,1517.0,1518.0,1467.0,1486.0,1507.0,1555.0,1617.0,1714.0,1756.0,1743.0,1644.0,1585.0,1552.0,1529.0
M907,3451.925145317052,2260.0,2430.0,2480.0,2490.0,2500.0,2380.0,2460.0,2490.0,2500.0,2530.0,2390.0,2250.0,2220.0,2380.0,2440.0,2470.0,2470.0
M908,3144.838729594567,3086.83,3104.66,3085.32,3087.71,3089.15,3089.16,3094.64,3099.44,3099.4,3105.88,3115.58,3118.03,3127.94,3132.49,3139.64,3149.31,3159.78
M909,3119.4218938324348,3531.0,3556.0,3610.0,3660.0,3669.0,3575.0,3562.0,3603.0,3658.0,3667.0,3695.0,3648.0,3624.0,3634.0,3657.0,3696.0,3690.0
M910,2978.0497272115053,3370.0,3340.0,3300.0,3270.0,3360.0,3310.0,3300.0,3340.0,3320.0,3300.0,3330.0,3350.0,3310.0,3300.0,3340.0,3240.0,3270.0
M911,2805.128177875792,3630.0,3660.0,3720.0,3730.0,3720.0,3600.0,3510.0,3570.0,3620.0,3610.0,3720.0,3710.0,3730.0,3700.0,3630.0,3590.0,3530.0
M912,2913.0817827027877,3168.0,3190.0,3238.0,3287.0,3297.0,3215.0,3211.0,3246.0,3296.0,3306.0,3323.0,3277.0,3251.0,3264.0,3294.0,3337.0,3337.0
M913,3071.0407989074465,2737.0,2718.0,2749.0,2794.0,2807.0,2742.0,2728.0,2750.0,2799.0,2810.0,2847.0,2818.0,2800.0,2783.0,2801.0,2843.0,2841.0
M914,3043.258958121864,1700.0,1730.0,1790.0,1780.0,1760.0,1630.0,1570.0,1600.0,1630.0,1620.0,1710.0,1700.0,1740.0,1690.0,1660.0,1630.0,1620.0
M915,3002.5181351297124,1930.0,1930.0,1930.0,1950.0,1960.0,1970.0,1940.0,1970.0,1990.0,1990.0,2010.0,2010.0,1990.0,2010.0,1970.0,1960.0,1910.0
M916,2975.807788775508,1820.0,1860.0,1900.0,1920.0,1950.0,1870.0,1860.0,1870.0,1890.0,1910.0,1910.0,1860.0,1880.0,1970.0,2000.0,2020.0,2040.0
M917,2872.0625242922806,4340.0,4340.0,4340.0,4340.0,4360.0,4320.0,4300.0,4300.0,4290.0,4330.0,4310.0,4360.0,4350.0,4300.0,4290.0,4280.0,4290.0
M918,2746.737024467873,5120.0,5060.0,5200.0,5580.0,5620.0,5480.0,5340.0,5360.0,5630.0,5660.0,5810.0,5750.0,5650.0,5710.0,5750.0,6060.0,6070.0
M919,2688.245092233697,2580.0,2530.0,2580.0,2600.0,2600.0,2600.0,2570.0,2580.0,2680.0,2670.0,2710.0,2730.0,2680.0,2670.0,2700.0,2710.0,2720.0
M920,2744.9560812081613,2100.0,2100.0,2200.0,2570.0,2600.0,2470.0,2360.0,2370.0,2530.0,2570.0,2670.0,2600.0,2550.0,2620.0,2620.0,2930.0,2940.0
M921,2817.9122972925734,3540.0,3410.0,3390.0,3320.0,3350.0,3200.0,3250.0,3360.0,3490.0,3520.0,3720.0,3710.0,3630.0,3470.0,3510.0,3450.0,3350.0
M922,2844.0232389076305,2720.0,2660.0,2640.0,2600.0,2620.0,2520.0,2560.0,2630.0,2740.0,2750.0,2850.0,2850.0,2770.0,2700.0,2710.0,2680.0,2630.0
M923,2799.094599042551,1790.0,1960.0,2070.0,2090.0,2040.0,1930.0,1970.0,2090.0,2100.0,2100.0,1950.0,1920.0,1900.0,2040.0,2090.0,2080.0,2070.0
M924,2785.714490564038,2000.0,2230.0,2290.0,2320.0,2330.0,2280.0,2330.0,2340.0,2340.0,2330.0,2280.0,2140.0,2080.0,2250.0,2310.0,2330.0,2340.0
M925,3154.0356868481695,2501.1,2487.4,2505.5,2516.1,2520.0,2481.6,2479.5,2507.0,2529.0,2538.4,2568.9,2572.0,2563.1,2555.0,2567.2,2569.9,2572.5
M926,3579.21388788447,3297.0,3260.0,3226.0,3294.0,3246.0,3244.0,3260.0,3253.0,3272.0,3347.0,3263.0,3286.0,3286.0,3315.0,3381.0,3342.0,3359.0
M927,3743.649179780644,2084.0,2072.0,2084.0,2096.0,2073.0,2027.0,2015.0,2085.0,2110.0,2116.0,2156.0,2151.0,2143.0,2134.0,2134.0,2116.0,2091.0
M928,3760.3189303989175,2292.7,2280.2,2297.1,2306.5,2312.7,2278.9,2278.0,2298.5,2318.0,2326.8,2353.3,2356.9,2348.8,2341.6,2353.8,2358.3,2363.4
M929,3728.566616149873,2789.0,2781.0,2793.0,2861.0,2902.0,2808.0,2781.0,2815.0,2845.0,2871.0,2902.0,2880.0,2863.0,2839.0,2870.0,2935.0,2974.0
M930,3837.307882434772,6350.0,6300.0,6270.0,6400.0,6640.0,6220.0,6060.0,6180.0,6260.0,6350.0,6390.0,6410.0,6440.0,6420.0,6490.0,6580.0,6660.0
M931,4141.420452085903,10190.0,10110.0,10230.0,10150.0,10180.0,10160.0,10140.0,10220.0,10220.0,10200.0,10260.0,10310.0,10300.0,10190.0,10150.0,10130.0,10110.0
M932,4870.0,4870.0,4850.0,4890.0,4800.0,4820.0,4820.0,4770.0,4790.0,4820.0,4810.0,4830.0,4840.0,4810.0,4760.0,4730.0,4750.0,4750.0
M933,4306.3309511996085,4892.0,4834.0,4935.0,4946.0,4981.0,4955.0,4959.0,4975.0,4989.0,5022.0,5033.0,5052.0,5048.0,5037.0,5118.0,5110.0,5119.0
M934,4371.8425189504005,1768.0,1752.0,1792.0,1790.0,1815.0,1797.0,1783.0,1783.0,1783.0,1797.0,1799.0,1800.0,1808.0,1803.0,1818.0,1817.0,1826.0
M935,4646.860157531768,1980.0,1971.0,1975.0,1975.0,1903.0,1878.0,1858.0,1918.0,1954.0,1967.0,2015.0,2012.0,2003.0,2009.0,2012.0,2026.0,2008.0
M936,4693.248604701832,4420.0,4440.0,4450.0,4540.0,4390.0,4320.0,4340.0,4380.0,4470.0,4450.0,4590.0,4570.0,4580.0,4620.0,4560.0,4530.0,4590.0
M937,4141.219659035648,7380.0,7380.0,7380.0,7390.0,7430.0,7380.0,7370.0,7400.0,7410.0,7400.0,7430.0,7430.0,7420.0,7470.0,7470.0,7460.0,7440.0
M938,3645.836618197021,2730.0,2694.0,2712.0,2692.0,2695.0,2659.0,2644.0,2674.0,2735.0,2782.0,2816.0,2801.0,2788.0,2752.0,2768.0,2761.0,2772.0
M939,3495.1587090422,2297.0,2265.0,2290.0,2273.0,2280.0,2266.0,2252.0,2276.0,2326.0,2371.0,2395.0,2381.0,2371.0,2339.0,2359.0,2359.0,2372.0
M940,3450.7855831325323,3652.0,3649.0,3653.0,3659.0,3668.0,3655.0,3653.0,3638.0,3666.0,3680.0,3704.0,3714.0,3709.0,3698.0,3716.0,3726.0,3743.0
M941,3637.45399328289,8030.0,8610.0,8730.0,8740.0,8760.0,7860.0,8710.0,8770.0,8750.0,8770.0,8200.0,9030.0,8110.0,8710.0,8900.0,8960.0,8980.0
M942,3781.0315476575342,2222.0,2425.0,2485.0,2501.0,2478.0,2456.0,2477.0,2481.0,2486.0,2517.0,2536.0,2271.0,2280.0,2456.0,2514.0,2546.0,2522.0
M943,3486.0277329619416,1069.0,957.0,1088.0,783.0,1073.0,1045.0,860.0,1243.0,1153.0,1161.0,1249.0,1010.0,1314.0,1041.0,852.0,914.0,1182.0
M944,3432.5293589772537,1926.0,2059.0,2717.0,2072.0,1250.0,1818.0,1238.0,2071.0,1789.0,3375.0,2578.0,1557.0,2329.0,2437.0,1666.0,1202.0,1766.0
M945,3609.485321279548,4044.0,4140.0,4175.0,4194.0,4199.0,4178.0,4227.0,4234.0,4244.0,4204.0,4205.0,4213.0,4200.0,4293.0,4335.0,4319.0,4328.0
M946,3526.1455315536987,1551.0,1539.0,1557.0,1546.0,1552.0,1544.0,1541.0,1543.0,1548.0,1537.0,1544.0,1560.0,1560.0,1544.0,1537.0,1536.0,1533.0
M947,3194.4567574144185,6677.0,6935.0,7011.0,7034.0,7022.0,6897.0,7001.0,6996.0,7027.0,7074.0,7060.0,6888.0,6800.0,7025.0,7120.0,7168.0,7163.0
M948,2912.001286489942,3168.8,3180.9,3206.6,3219.5,3222.2,3171.3,3179.6,3206.6,3231.7,3245.8,3274.9,3260.8,3243.1,3257.5,3279.2,3286.7,3288.8
M949,2922.4827565302776,1551.0,1541.0,1549.0,1555.0,1538.0,1507.0,1493.0,1561.0,1586.0,1584.0,1619.0,1610.0,1602.0,1597.0,1590.0,1568.0,1547.0
M950,2982.0126901636895,7275.0,7202.0,7307.0,7326.0,7299.0,7240.0,7224.0,7301.0,7351.0,7397.0,7456.0,7478.0,7466.0,7460.0,7541.0,7544.0,7538.0
M951,2924.920641697644,1999.0,1989.0,1981.0,1995.0,2000.0,1963.0,1976.0,1992.0,1995.0,2000.0,2016.0,2025.0,2025.0,2021.0,2010.0,2023.0,2020.0
M952,2825.7498358479515,1949.88,1873.84,1828.51,1776.73,1739.14,1695.82,1656.87,1712.91,1780.29,1837.98,1917.77,1890.89,1838.52,1869.35,1854.03,1845.3,1856.0
M953,2598.2367919083217,1771.75,1793.65,1783.35,1731.77,1728.7,1720.76,1741.02,1766.85,1752.82,1760.46,1844.55,1864.76,1838.14,1841.66,1792.72,1797.15,1785.31
M954,2354.4858394212606,1701.51,1725.1,1715.79,1665.21,1663.72,1656.96,1677.52,1703.22,1688.56,1695.92,1784.03,1799.95,1774.76,1776.33,1728.26,1727.31,1713.27
M955,2336.4111588255896,1841.09,1869.3,1859.24,1800.16,1813.54,1815.15,1829.87,1839.05,1839.55,1832.7,1923.05,1912.95,1907.41,1923.1,1860.99,1845.12,1845.16
M956,2197.4208664019793,2582.8,2593.6,2615.2,2625.3,2627.5,2588.5,2597.8,2614.9,2637.7,2650.5,2672.3,2663.1,2646.0,2661.0,2678.3,2685.1,2684.9
M957,2056.004864919655,2017.2,2009.0,2024.0,2031.8,2035.2,2007.4,2006.5,2024.6,2044.3,2053.2,2075.8,2076.7,2072.3,2068.8,2077.9,2081.5,2082.0
M958,2042.7204209383176,1197.72,1165.37,1155.17,1202.2,1162.27,1158.43,1163.36,1167.85,1184.17,1222.92,1180.6,1185.84,1182.63,1201.09,1239.13,1198.13,1202.18
M959,2080.9880589621207,1570.0,1559.0,1560.0,1567.0,1549.0,1522.0,1507.0,1561.0,1580.0,1584.0,1621.0,1615.0,1609.0,1599.0,1591.0,1568.0,1553.0
M960,2277.5172005444483,2425.8,2437.7,2459.2,2468.6,2472.6,2436.3,2447.1,2458.8,2479.7,2492.1,2510.2,2501.6,2485.1,2501.1,2519.2,2528.3,2529.6
M961,2426.699455692055,1860.2,1853.1,1868.0,1875.1,1880.3,1855.2,1855.8,1868.5,1886.3,1894.8,1913.7,1915.2,1911.4,1908.9,1918.8,1924.7,1926.7
M962,2402.0792269137532,3630.0,3610.0,3650.0,3700.0,3640.0,3500.0,3510.0,3530.0,3520.0,3590.0,3630.0,3670.0,3680.0,3640.0,3700.0,3720.0,3680.0
M963,2379.9942885514733,2250.0,2230.0,2220.0,2240.0,2210.0,2150.0,2170.0,2190.0,2180.0,2190.0,2240.0,2230.0,2220.0,2190.0,2230.0,2230.0,2240.0
M964,2586.4503433272857,1380.0,1380.0,1430.0,1460.0,1430.0,1350.0,1340.0,1340.0,1340.0,1400.0,1390.0,1440.0,1460.0,1450.0,1470.0,1490.0,1440.0
M965,2919.8718541460566,3260.0,3254.0,3269.0,3337.0,3396.0,3280.0,3248.0,3278.0,3308.0,3345.0,3372.0,3377.0,3376.0,3344.0,3375.0,3445.0,3466.0
M966,3224.2050624099056,4930.0,4920.0,4990.0,4990.0,5080.0,4970.0,5040.0,5000.0,4980.0,5010.0,5070.0,5200.0,5250.0,5170.0,5120.0,5180.0,5180.0
M967,3355.241567213779,2193.0,2192.0,2203.0,2259.0,2286.0,2220.0,2197.0,2219.0,2244.0,2269.0,2287.0,2276.0,2267.0,2246.0,2275.0,2331.0,2347.0
M968,3489.440020333929,1640.0,1640.0,1620.0,1610.0,1600.0,1500.0,1540.0,1710.0,1840.0,1880.0,1860.0,1730.0,1660.0,1630.0,1610.0,1610.0,1600.0
M969,3718.6040239070185,2430.0,2410.0,2460.0,2670.0,2730.0,2440.0,2320.0,2290.0,2260.0,2260.0,2290.0,2290.0,2280.0,2240.0,2270.0,2470.0,2490.0
M970,3977.183868829508,5740.0,5700.0,5670.0,5790.0,6020.0,5630.0,5470.0,5590.0,5660.0,5750.0,5780.0,5810.0,5840.0,5810.0,5880.0,5960.0,6010.0
M971,4391.176949837996,5030.0,5000.0,4960.0,5080.0,5310.0,4930.0,4770.0,4890.0,4960.0,5050.0,5060.0,5090.0,5130.0,5100.0,5170.0,5250.0,5300.0
M972,4541.589081615455,6270.0,6190.0,6120.0,6220.0,6160.0,6100.0,6150.0,6120.0,6080.0,6040.0,6140.0,6190.0,6100.0,6110.0,6010.0,5890.0,5880.0
M973,4445.672139259076,1161.0,1154.0,1164.0,1155.0,1160.0,1156.0,1152.0,1156.0,1158.0,1147.0,1151.0,1164.0,1164.0,1156.0,1148.0,1148.0,1144.0
M974,4582.663899185403,7550.0,7510.0,7610.0,7540.0,7560.0,7570.0,7550.0,7630.0,7620.0,7590.0,7640.0,7700.0,7680.0,7590.0,7550.0,7540.0,7530.0
M975,4776.367182933096,3830.0,3820.0,3870.0,3780.0,3800.0,3800.0,3750.0,3760.0,3780.0,3760.0,3780.0,3780.0,3740.0,3700.0,3680.0,3690.0,3690.0
M976,4950.9308469298485,6006.0,5951.0,6049.0,6066.0,6056.0,6015.0,6013.0,6045.0,6095.0,6147.0,6195.0,6209.0,6217.0,6219.0,6269.0,6296.0,6291.0
M977,5081.382256702744,8570.0,8460.0,8510.0,8560.0,8620.0,8600.0,8680.0,8700.0,8640.0,8750.0,8630.0,8570.0,8600.0,8720.0,8820.0,8850.0,8650.0
M978,5187.649361015097,3230.0,3180.0,3210.0,3260.0,3320.0,3290.0,3240.0,3270.0,3270.0,3300.0,3320.0,3370.0,3340.0,3310.0,3270.0,3290.0,3320.0
M979,5369.774100219301,1591.0,1584.0,1587.0,1598.0,1535.0,1519.0,1515.0,1533.0,1573.0,1589.0,1632.0,1631.0,1633.0,1639.0,1634.0,1651.0,1631.0
M980,5213.608515016511,5530.0,5440.0,5280.0,5200.0,4980.0,4730.0,4700.0,4910.0,5140.0,5220.0,5360.0,5410.0,5290.0,5210.0,5230.0,5170.0,4920.0
M981,4994.48434286245,3189.0,3280.0,3306.0,3321.0,3319.0,3316.0,3347.0,3354.0,3369.0,3326.0,3326.0,3318.0,3303.0,3393.0,3431.0,3415.0,3415.0
M982,4823.692616609579,9170.0,10190.0,10490.0,10630.0,10380.0,10450.0,10670.0,10620.0,10660.0,10360.0,10270.0,10160.0,10040.0,10920.0,11290.0,11320.0,11180.0
M983,4696.6511065826935,4730.0,5720.0,5870.0,5880.0,5700.0,5660.0,5890.0,5860.0,5850.0,5420.0,5190.0,5140.0,5110.0,5700.0,5950.0,6000.0,5770.0
M984,4787.064502133471,9120.0,9090.0,9090.0,9100.0,9220.0,9130.0,9220.0,9360.0,9450.0,9310.0,9340.0,9340.0,9450.0,9460.0,9490.0,9380.0,9540.0
M985,5002.68898091051,2682.0,2604.0,2618.0,2575.0,2576.0,2529.0,2524.0,2567.0,2651.0,2701.0,2787.0,2765.0,2743.0,2668.0,2676.0,2654.0,2667.0
M986,5072.446948517665,2281.0,2255.0,2274.0,2247.0,2244.0,2218.0,2213.0,2229.0,2285.0,2319.0,2342.0,2322.0,2319.0,2291.0,2316.0,2306.0,2317.0
M987,5164.1253993707,3840.0,3840.0,3780.0,3710.0,3670.0,3480.0,3460.0,3500.0,3590.0,3610.0,3700.0,3690.0,3660.0,3630.0,3590.0,3520.0,3500.0
M988,5045.784142397997,1897.0,1871.0,1896.0,1876.0,1877.0,1870.0,1867.0,1879.0,1926.0,1958.0,1972.0,1953.0,1953.0,1928.0,1957.0,1954.0,1967.0
M989,4607.646353475248,9630.0,9450.0,9480.0,9500.0,9420.0,9480.0,9510.0,9440.0,9610.0,9730.0,9800.0,9720.0,9710.0,9570.0,9700.0,9680.0,9760.0
M990,4234.982140770919,4340.0,4300.0,4310.0,4320.0,4290.0,4250.0,4280.0,4320.0,4290.0,4300.0,4380.0,4400.0,4390.0,4400.0,4360.0,4380.0,4330.0
M991,4084.9206265320854,5656.0,5846.0,5912.0,5935.0,5923.0,5811.0,5913.0,5903.0,5934.0,5973.0,5965.0,5864.0,5737.0,5922.0,6004.0,6036.0,6029.0
M992,4247.731491983497,3139.0,3135.0,3139.0,3143.0,3150.0,3140.0,3138.0,3122.0,3149.0,3160.0,3182.0,3191.0,3184.0,3174.0,3188.0,3197.0,3210.0
M993,4293.526223346402,7780.0,8360.0,8480.0,8490.0,8510.0,7620.0,8460.0,8520.0,8500.0,8520.0,7960.0,8800.0,7860.0,8440.0,8630.0,8690.0,8710.0
M994,4235.738378683471,1739.0,1875.0,1925.0,1943.0,1922.0,1909.0,1929.0,1929.0,1935.0,1961.0,1987.0,1793.0,1767.0,1904.0,1953.0,1970.0,1948.0
M995,1646.2780609341198,1646.3,1672.6,1657.8,1643.3,1638.8,1649.4,1646.0,1648.4,1627.3,1632.9,1641.5,1648.2,1652.0,1689.0,1686.6,1675.3,1666.0
M996,3259.940612407448,3260.0,3210.0,3380.0,2440.0,3400.0,2950.0,2630.0,3770.0,3330.0,3360.0,4650.0,3050.0,4000.0,4160.0,2980.0,2930.0,2670.0
M997,4940.406377571371,4940.0,11680.0,4300.0,4220.0,5500.0,3390.0,3180.0,4650.0,5430.0,3700.0,5440.0,3390.0,4640.0,5210.0,5720.0,5370.0,3490.0
M998,3929.95527457376,3930.0,4000.0,4050.0,4090.0,4090.0,4080.0,4100.0,4130.0,4110.0,4060.0,3760.0,3740.0,3990.0,4090.0,4110.0,4150.0,4150.0
M999,3289.9561814712674,3290.0,3330.0,3360.0,3390.0,3400.0,3390.0,3400.0,3410.0,3410.0,3410.0,3120.0,3110.0,3350.0,3380.0,3390.0,3420.0,3430.0
M1000,1059.9857043265213,1060.0,940.0,1010.0,1030.0,1060.0,990.0,1140.0,1200.0,1370.0,1200.0,1430.0,1050.0,1510.0,1240.0,980.0,1100.0,1280.0
