date,OT,WEIGHTED_ILI,UNWEIGHTED_ILI,AGE_0_TO_4,AGE_5_TO_24,ILITOTAL,NUM_OF_PROVIDERS
2002/1/1 0:00,89644.0,1.22262,1.16668,582,805,2060,754
2002/1/8 0:00,89644.0,1.33344,1.2165,683,872,2267,785
2002/1/15 0:00,89644.0,1.31929,1.13057,642,878,2176,831
2002/1/22 0:00,89644.0,1.49484,1.25246,728,1045,2599,863
2002/1/29 0:00,89644.0,1.47195,1.30237,823,1189,2907,909
2002/2/5 0:00,89644.0,1.58094,1.40551,887,1272,3225,930
2002/2/12 0:00,89644.0,1.49426,1.38437,851,1173,3097,923
2002/2/19 0:00,89644.0,1.40569,1.32563,802,1166,2967,922
2002/2/26 0:00,89644.0,1.6141,1.43475,834,978,2709,918
2002/3/5 0:00,89644.0,1.45967,1.25433,857,1117,3049,937
2002/3/12 0:00,89644.0,1.59896,1.25757,804,1179,2957,928
2002/3/19 0:00,89644.0,2.16697,1.58017,951,1404,3416,908
2002/3/26 0:00,89644.0,2.57842,1.98008,915,937,2857,865
2002/4/2 0:00,89644.0,2.38636,1.90428,1028,1019,3260,879
2002/4/9 0:00,89644.0,1.73621,1.5901,1068,1296,3729,926
2002/4/16 0:00,89644.0,2.06296,1.81559,1154,1798,4204,902
2002/4/23 0:00,89644.0,2.58113,2.41801,1373,2998,5696,927
2002/4/30 0:00,89644.0,2.93909,2.86635,1411,4064,7079,884
2002/5/7 0:00,89644.0,3.22539,3.16662,1606,4447,7782,889
2002/5/14 0:00,89644.0,3.06982,3.0155,1568,4224,7649,903
2002/5/21 0:00,89644.0,3.20044,2.9978,1694,3689,7228,871
2002/5/28 0:00,89644.0,2.44888,2.31957,1336,2583,5606,857
2002/6/4 0:00,89644.0,2.1344,1.94707,1015,2103,4450,839
2002/6/11 0:00,89644.0,1.99866,1.72985,880,1669,3810,835
2002/6/18 0:00,89644.0,1.93849,1.51837,737,1321,2987,795
2002/6/25 0:00,89644.0,1.41293,1.22616,624,1016,2439,775
2002/7/2 0:00,89644.0,1.23472,1.05433,506,846,2028,741
2002/7/9 0:00,89644.0,1.20005,1.07108,569,799,2082,735
2002/7/16 0:00,89644.0,0.910135,0.82612,440,539,1467,669
2002/7/23 0:00,89644.0,0.932265,0.820505,429,508,1445,682
2002/7/30 0:00,89644.0,0.692175,0.630846,275,444,1075,655
2002/8/6 0:00,89644.0,0.669406,0.63935,215,471,1005,613
2002/8/13 0:00,89644.0,0.727705,0.586609,248,283,836,547
2002/8/20 0:00,89644.0,0.717701,0.773024,264,262,740,406
2002/8/27 0:00,89644.0,0.789394,0.790743,213,205,641,393
2002/9/3 0:00,89644.0,0.722129,0.711847,201,195,563,344
2002/9/10 0:00,89644.0,0.591326,0.794637,198,187,620,341
2002/9/17 0:00,89644.0,0.52307,0.586604,139,123,423,322
2002/9/24 0:00,89644.0,0.450236,0.615982,122,124,441,322
2002/10/1 0:00,89644.0,0.397421,0.491507,109,91,318,310
2002/10/8 0:00,89644.0,0.448002,0.604341,137,141,441,308
2002/10/15 0:00,89644.0,0.474767,0.524478,98,98,365,301
2002/10/22 0:00,89644.0,0.453251,0.590692,112,139,420,302
2002/10/29 0:00,89644.0,0.352158,0.505135,100,120,361,290
2002/11/5 0:00,89644.0,0.525322,0.634271,136,125,443,295
2002/11/12 0:00,89644.0,0.492991,0.610118,120,131,421,283
2002/11/19 0:00,89644.0,0.542728,0.641227,159,144,450,277
2002/11/26 0:00,89644.0,0.490347,0.661429,166,155,463,276
2002/12/3 0:00,89644.0,0.735914,0.792681,177,182,519,271
2002/12/10 0:00,89644.0,0.581771,0.639059,145,184,475,267
2002/12/17 0:00,89644.0,0.654162,0.636732,136,183,461,264
2002/12/24 0:00,89644.0,0.749504,0.747829,135,221,533,268
2002/12/31 0:00,254144.0,0.884021,0.960873,808,881,2442,830
2003/1/7 0:00,89644.0,1.02773,1.04325,913,1132,2932,931
2003/1/14 0:00,89644.0,1.28296,1.0545,878,1147,3031,974
2003/1/21 0:00,89644.0,1.32661,1.11231,1006,1369,3475,1007
2003/1/28 0:00,89644.0,1.77304,1.41274,1207,2080,4690,1074
2003/2/4 0:00,89644.0,2.43814,1.72703,1542,2735,5790,1111
2003/2/11 0:00,89644.0,2.72605,2.407,2185,4133,8385,1141
2003/2/18 0:00,89644.0,3.73192,3.10962,2561,5684,11141,1129
2003/2/25 0:00,272576.0,4.54894,4.30779,3247,4933,11742,1118
2003/3/4 0:00,89644.0,5.39906,4.8303,4734,7817,18948,1189
2003/3/11 0:00,89644.0,7.38735,6.42905,6620,11550,24962,1173
2003/3/18 0:00,89644.0,7.48097,6.86734,6434,9851,23699,1148
2003/3/25 0:00,89644.0,7.62797,7.06496,5336,5231,16415,1122
2003/4/1 0:00,89644.0,5.14051,4.55115,3391,2894,11332,1139
2003/4/8 0:00,89644.0,2.89129,2.41833,1930,2299,7602,1160
2003/4/15 0:00,89644.0,2.10429,1.80906,1679,1857,5583,1141
2003/4/22 0:00,89644.0,1.88696,1.71202,1721,1604,4961,1084
2003/4/29 0:00,89644.0,1.7766,1.5425,1487,1543,4436,1071
2003/5/6 0:00,89644.0,1.46001,1.43787,1454,1448,4251,1054
2003/5/13 0:00,89644.0,1.37787,1.32427,1420,1297,3824,986
2003/5/20 0:00,89644.0,1.30532,1.30726,1301,1255,3691,1004
2003/5/27 0:00,89644.0,1.08691,1.03698,956,1038,2916,948
2003/6/3 0:00,89644.0,0.991888,1.01032,925,910,2744,894
2003/6/10 0:00,89644.0,1.02765,1.05249,878,888,2708,897
2003/6/17 0:00,89644.0,1.0579,1.02009,730,826,2487,849
2003/6/24 0:00,89644.0,0.849361,0.924419,760,733,2300,859
2003/7/1 0:00,89644.0,0.747127,0.790645,610,611,1858,828
2003/7/8 0:00,89644.0,0.661708,0.80261,583,566,1705,774
2003/7/15 0:00,89644.0,0.679514,0.83613,545,573,1749,755
2003/7/22 0:00,89644.0,0.633071,0.792436,501,511,1615,679
2003/7/29 0:00,89644.0,0.569894,0.683588,470,404,1331,658
2003/8/5 0:00,89644.0,0.591357,0.757452,435,491,1394,629
2003/8/12 0:00,89644.0,0.589044,0.788585,449,443,1327,599
2003/8/19 0:00,89644.0,0.67864,0.812171,451,380,1262,553
2003/8/26 0:00,89644.0,0.637558,0.804463,375,349,1070,463
2003/9/2 0:00,89644.0,0.813309,0.877701,391,308,1061,452
2003/9/9 0:00,89644.0,0.834551,0.741453,355,309,987,443
2003/9/16 0:00,89644.0,0.616174,0.661022,307,240,851,426
2003/9/23 0:00,124037.0,0.513286,0.715109,277,284,887,423
2003/9/30 0:00,89644.0,0.351881,0.562241,238,183,698,408
2003/10/7 0:00,89644.0,0.542621,0.786808,233,205,710,381
2003/10/14 0:00,89644.0,0.581036,0.860658,249,280,836,378
2003/10/21 0:00,89644.0,0.495486,0.689944,259,200,659,370
2003/10/28 0:00,89644.0,0.61209,0.779691,260,230,719,363
2003/11/4 0:00,89644.0,0.531491,0.628144,213,235,733,345
2003/11/11 0:00,89644.0,0.519987,0.902459,243,256,809,334
2003/11/18 0:00,89644.0,0.574476,0.806443,256,256,770,335
2003/11/25 0:00,89644.0,0.663175,0.874888,259,265,799,333
2003/12/2 0:00,89644.0,0.614691,0.993213,279,358,960,326
2003/12/9 0:00,89644.0,0.656823,0.876141,281,309,913,337
2003/12/16 0:00,89644.0,0.723016,0.948092,342,413,1122,341
2003/12/23 0:00,89644.0,0.691857,0.926943,322,416,1089,336
2003/12/30 0:00,89644.0,0.782758,0.971643,333,382,1116,364
2004/1/6 0:00,89644.0,0.982275,0.897159,877,1256,3171,1176
2004/1/13 0:00,89644.0,1.01821,1.02248,1071,1373,3631,1187
2004/1/20 0:00,89644.0,1.1768,1.06296,1240,1534,4019,1267
2004/1/27 0:00,89644.0,1.30121,1.14696,1190,1671,4369,1293
2004/2/3 0:00,89644.0,1.27746,1.20495,1327,1718,4551,1302
2004/2/10 0:00,89644.0,1.40387,1.30517,1497,1874,4969,1344
2004/2/17 0:00,89644.0,1.40301,1.28699,1531,1874,4983,1336
2004/2/24 0:00,89644.0,1.73975,1.59468,1490,1678,4713,1341
2004/3/2 0:00,89644.0,1.56894,1.39714,1538,2059,5407,1369
2004/3/9 0:00,89644.0,1.65927,1.44996,1551,2052,5428,1346
2004/3/16 0:00,89644.0,1.81341,1.61745,1670,2071,5755,1379
2004/3/23 0:00,89644.0,2.37626,2.19112,1856,1807,5689,1288
2004/3/30 0:00,89644.0,2.77052,2.56649,2252,1993,7279,1332
2004/4/6 0:00,89644.0,2.40064,2.17645,2010,2450,8041,1383
2004/4/13 0:00,89644.0,2.54155,2.20171,2188,2982,8323,1342
2004/4/20 0:00,89644.0,2.85871,2.53012,2199,3682,9328,1348
2004/4/27 0:00,89644.0,3.55011,3.06524,2747,5364,12422,1334
2004/5/4 0:00,89644.0,4.58591,3.98061,3086,7650,16192,1303
2004/5/11 0:00,89644.0,5.05809,4.59568,3626,8854,19369,1324
2004/5/18 0:00,89644.0,5.44151,4.75197,3834,8400,19931,1330
2004/5/25 0:00,89644.0,4.4729,4.17962,3720,6759,16630,1280
2004/6/1 0:00,89644.0,3.6752,3.45359,2997,5343,13234,1268
2004/6/8 0:00,89644.0,3.3353,3.15852,2728,4494,11601,1227
2004/6/15 0:00,89644.0,2.76224,2.6732,2416,3513,9502,1185
2004/6/22 0:00,89644.0,2.46844,2.35161,2145,2771,7900,1148
2004/6/29 0:00,89644.0,2.00081,1.89243,1827,2133,6329,1103
2004/7/6 0:00,89644.0,1.54319,1.5249,1422,1737,4816,1048
2004/7/13 0:00,89644.0,1.50195,1.41134,1356,1603,4445,1000
2004/7/20 0:00,89644.0,1.22918,1.25068,1096,1469,3825,978
2004/7/27 0:00,89644.0,1.21854,1.20702,1117,1411,3646,971
2004/8/3 0:00,89644.0,1.15832,1.07895,903,1136,2990,923
2004/8/10 0:00,89644.0,1.249,1.14521,979,1115,3012,878
2004/8/17 0:00,89644.0,1.16888,1.06124,805,926,2531,825
2004/8/24 0:00,89644.0,1.07888,1.0568,687,695,2056,687
2004/8/31 0:00,89644.0,1.23059,1.25193,693,678,2099,637
2004/9/7 0:00,89644.0,1.14747,1.01419,548,594,1744,603
2004/9/14 0:00,89644.0,1.00254,1.04197,573,507,1614,582
2004/9/21 0:00,89644.0,0.957569,0.954027,580,507,1628,587
2004/9/28 0:00,89644.0,0.894837,0.84823,497,452,1359,550
2004/10/5 0:00,89644.0,0.798205,0.841872,426,390,1198,533
2004/10/12 0:00,89644.0,0.757812,0.730894,389,361,1148,524
2004/10/19 0:00,89644.0,0.825963,0.713432,333,364,1068,507
2004/10/26 0:00,89644.0,0.744927,0.670677,328,327,990,492
2004/11/2 0:00,89644.0,0.787049,0.689278,331,326,982,488
2004/11/9 0:00,89644.0,0.684724,0.704929,319,350,1023,479
2004/11/16 0:00,89644.0,0.747361,0.615903,330,326,928,480
2004/11/23 0:00,89644.0,0.673974,0.609426,292,311,922,428
2004/11/30 0:00,89644.0,0.869662,0.680259,342,367,1033,420
2004/12/7 0:00,89644.0,0.899529,0.775488,338,396,1061,416
2004/12/14 0:00,89644.0,0.854635,0.683421,302,383,1026,408
2004/12/21 0:00,89644.0,1.01123,0.781075,368,516,1219,419
2004/12/28 0:00,89644.0,0.977808,0.806943,381,484,1204,447
2005/1/4 0:00,89644.0,1.17778,1.07635,1172,1256,3586,1113
2005/1/11 0:00,89644.0,1.21947,1.05869,1285,1247,3582,1160
2005/1/18 0:00,89644.0,1.3069,1.11523,1393,1525,4122,1216
2005/1/25 0:00,89644.0,1.33931,1.12381,1439,1599,4248,1237
2005/2/1 0:00,89644.0,1.58374,1.25489,1639,1894,5005,1280
2005/2/8 0:00,89644.0,1.47072,1.33661,1563,1929,5038,1272
2005/2/15 0:00,89644.0,1.6112,1.37864,1679,1951,5276,1277
2005/2/22 0:00,89644.0,1.82699,1.60829,1666,1593,4802,1301
2005/3/1 0:00,89644.0,1.77482,1.48311,1858,2176,5966,1325
2005/3/8 0:00,89644.0,1.94451,1.65374,1987,2463,6371,1328
2005/3/15 0:00,89644.0,2.35512,2.00679,2241,3063,7697,1318
2005/3/22 0:00,89644.0,3.10878,2.56857,2696,3058,8577,1287
2005/3/29 0:00,89644.0,3.28238,3.05278,2678,2561,8842,1273
2005/4/5 0:00,89644.0,2.62914,2.42504,2422,2366,8339,1319
2005/4/12 0:00,89644.0,2.2515,2.00195,2272,2921,7882,1339
2005/4/19 0:00,89644.0,2.35858,2.05869,2249,3150,7858,1297
2005/4/26 0:00,89644.0,2.41881,2.21277,2643,3646,9114,1331
2005/5/3 0:00,89644.0,2.52752,2.3222,2612,4153,9551,1320
2005/5/10 0:00,89644.0,2.64954,2.49279,2754,4593,10427,1311
2005/5/17 0:00,401661.0,3.12935,2.79489,2624,4979,11226,1288
2005/5/24 0:00,89644.0,3.12442,2.96911,2753,5284,11901,1288
2005/5/31 0:00,89644.0,3.13099,2.83959,2579,5008,11343,1275
2005/6/7 0:00,89644.0,3.08261,2.77799,2564,5106,11261,1257
2005/6/14 0:00,89644.0,2.64431,2.47287,2330,4154,9322,1241
2005/6/21 0:00,89644.0,2.42295,2.18061,1895,3709,8064,1217
2005/6/28 0:00,89644.0,2.31141,2.0168,1697,3393,7313,1165
2005/7/5 0:00,89644.0,1.86383,1.64101,1437,2660,5738,1133
2005/7/12 0:00,89644.0,1.44943,1.35829,1181,2014,4547,1087
2005/7/19 0:00,310641.0,1.30227,1.1428,959,1479,3550,1045
2005/7/26 0:00,89644.0,1.13459,1.04031,836,1382,3177,1017
2005/8/2 0:00,89644.0,1.06255,0.964347,745,1208,2780,958
2005/8/9 0:00,89644.0,1.03428,0.937982,745,1039,2592,919
2005/8/16 0:00,89644.0,1.01791,0.947449,715,969,2428,877
2005/8/23 0:00,89644.0,0.918151,0.891918,699,764,2061,783
2005/8/30 0:00,89644.0,0.93099,0.864643,572,561,1645,649
2005/9/6 0:00,89644.0,0.857294,0.97032,754,626,2075,635
2005/9/13 0:00,89644.0,0.786294,0.84439,514,447,1430,615
2005/9/20 0:00,89644.0,0.719426,0.77487,463,409,1300,610
2005/9/27 0:00,89644.0,0.718868,0.821372,466,390,1271,572
2005/10/4 0:00,89644.0,0.774807,0.872745,437,402,1215,565
2005/10/11 0:00,89644.0,0.76598,0.922635,549,511,1617,577
2005/10/18 0:00,89644.0,0.642809,0.899487,541,440,1553,564
2005/10/25 0:00,89644.0,0.622033,0.843082,502,403,1455,564
2005/11/1 0:00,89644.0,0.616326,0.881824,508,430,1428,551
2005/11/8 0:00,89644.0,0.685694,0.817145,473,435,1373,547
2005/11/15 0:00,89644.0,0.622697,0.8715,510,466,1457,536
2005/11/22 0:00,89644.0,0.611817,0.738621,404,379,1138,503
2005/11/29 0:00,89644.0,0.638831,0.797966,398,457,1224,488
2005/12/6 0:00,89644.0,0.806627,1.01394,492,506,1463,491
2005/12/13 0:00,89644.0,0.762448,0.880936,446,521,1406,487
2005/12/20 0:00,89644.0,0.813406,0.943366,511,534,1487,455
2005/12/27 0:00,89644.0,0.807934,0.891546,476,512,1433,469
2006/1/3 0:00,89644.0,1.15384,1.20322,1434,1699,4513,1323
2006/1/10 0:00,89644.0,1.14819,1.05788,1278,1602,4072,1361
2006/1/17 0:00,89644.0,1.22736,1.13054,1543,1830,4737,1425
2006/1/24 0:00,89644.0,1.21744,1.12552,1582,1996,4888,1445
2006/1/31 0:00,89644.0,1.32813,1.20808,1672,2270,5380,1473
2006/2/7 0:00,454901.0,1.47754,1.34952,2112,2393,6139,1497
2006/2/14 0:00,89644.0,1.5339,1.4689,2355,2681,6668,1474
2006/2/21 0:00,89644.0,1.91269,1.82767,2188,2202,6156,1488
2006/2/28 0:00,89644.0,1.838,1.6656,2573,2792,7530,1486
2006/3/7 0:00,89644.0,1.95376,1.85968,2643,3244,8122,1493
2006/3/14 0:00,89644.0,2.40407,2.38891,3270,4470,10396,1492
2006/3/21 0:00,89644.0,2.87453,2.78978,3387,4065,10192,1435
2006/3/28 0:00,89644.0,3.02597,3.11549,3243,2868,8913,1359
2006/4/4 0:00,369521.0,2.37817,2.26942,2927,2481,8386,1490
2006/4/11 0:00,89644.0,2.09232,1.86355,2507,2756,7761,1467
2006/4/18 0:00,89644.0,2.29396,1.99986,2548,3248,7909,1470
2006/4/25 0:00,89644.0,2.74501,2.4406,3410,4684,10888,1495
2006/5/2 0:00,89644.0,3.04434,2.83018,3456,5648,12120,1472
2006/5/9 0:00,89644.0,3.49999,3.12343,3840,6995,14197,1484
2006/5/16 0:00,89644.0,3.57851,3.27019,3879,6668,14031,1461
2006/5/23 0:00,89644.0,3.28979,3.17757,3728,6537,14048,1460
2006/5/30 0:00,89644.0,2.89149,2.72364,3016,5429,11801,1428
2006/6/6 0:00,89644.0,2.62075,2.50201,2798,4937,10715,1408
2006/6/13 0:00,89644.0,2.53387,2.4272,2668,4031,9597,1361
2006/6/20 0:00,89644.0,2.07251,1.96041,2049,3307,7562,1333
2006/6/27 0:00,89644.0,1.87084,1.5914,1664,2508,6148,1303
2006/7/4 0:00,89644.0,1.40042,1.36978,1445,1803,4958,1284
2006/7/11 0:00,89644.0,1.46887,1.36317,1429,1821,4869,1240
2006/7/18 0:00,89644.0,1.15514,1.1737,1257,1523,4179,1206
2006/7/25 0:00,89644.0,1.07901,1.06358,1152,1386,3695,1152
2006/8/1 0:00,89644.0,0.98492,0.969711,969,1143,3077,1119
2006/8/8 0:00,89644.0,1.03325,0.965362,917,1055,2860,1057
2006/8/15 0:00,89644.0,0.926649,0.856749,815,861,2442,1025
2006/8/22 0:00,89644.0,0.9201,0.863346,761,785,2243,925
2006/8/29 0:00,89644.0,0.954094,0.93537,722,652,2058,831
2006/9/5 0:00,89644.0,0.763278,0.745569,628,510,1679,796
2006/9/12 0:00,89644.0,0.81722,0.740428,598,469,1614,771
2006/9/19 0:00,89644.0,0.764586,0.672897,521,441,1456,749
2006/9/26 0:00,89644.0,0.793127,0.666282,514,408,1455,742
2006/10/3 0:00,176387.0,0.66909,0.662747,394,360,1169,711
2006/10/10 0:00,89644.0,0.62115,0.545619,366,372,1086,697
2006/10/17 0:00,89644.0,0.603659,0.586231,446,345,1211,698
2006/10/24 0:00,89644.0,0.649058,0.660687,477,392,1356,691
2006/10/31 0:00,89644.0,0.568338,0.534093,321,311,1037,677
2006/11/7 0:00,89644.0,0.651546,0.585549,389,385,1172,667
2006/11/14 0:00,89644.0,0.652176,0.618075,439,411,1283,666
2006/11/21 0:00,89644.0,0.803849,0.687465,495,457,1448,671
2006/11/28 0:00,89644.0,0.787458,0.715696,502,500,1526,652
2006/12/5 0:00,89644.0,0.943263,0.829313,519,545,1554,641
2006/12/12 0:00,89644.0,0.946932,0.800912,496,682,1694,638
2006/12/19 0:00,89644.0,0.987146,0.918484,609,681,1913,632
2006/12/26 0:00,89644.0,1.05206,0.814259,729,788,2228,703
2007/1/2 0:00,89644.0,0.995184,1.07197,2187,1997,5641,1373
2007/1/9 0:00,89644.0,1.22003,1.21786,2387,2433,6444,1429
2007/1/16 0:00,89644.0,1.28548,1.24576,2583,2551,6941,1449
2007/1/23 0:00,89644.0,1.3775,1.35984,2871,2788,7434,1477
2007/1/30 0:00,89644.0,1.46725,1.44671,3074,2998,7915,1485
2007/2/6 0:00,89644.0,1.55841,1.53286,3398,3303,8687,1539
2007/2/13 0:00,89644.0,1.61958,1.66653,3563,3290,9104,1516
2007/2/20 0:00,89644.0,1.8112,1.97488,3651,2631,8570,1523
2007/2/27 0:00,89644.0,1.61865,1.67305,3679,3158,9171,1513
2007/3/6 0:00,89644.0,1.62124,1.63405,3365,2907,8436,1487
2007/3/13 0:00,89644.0,1.67351,1.74595,3298,2694,8091,1453
2007/3/20 0:00,89644.0,1.95096,1.93643,3580,2724,8750,1420
2007/3/27 0:00,89644.0,2.50019,2.48905,3848,2348,8902,1426
2007/4/3 0:00,89644.0,2.43939,2.25405,3737,2568,9706,1486
2007/4/10 0:00,531444.0,2.29319,2.09147,3393,3644,11115,1509
2007/4/17 0:00,89644.0,2.62907,2.35934,3664,4900,12197,1511
2007/4/24 0:00,89644.0,3.92966,3.32331,4289,7661,17171,1508
2007/5/1 0:00,89644.0,4.99202,4.43381,5222,11974,24812,1514
2007/5/8 0:00,89644.0,5.7776,5.34547,6059,15323,31896,1526
2007/5/15 0:00,89644.0,5.98318,5.42258,6244,14336,31625,1518
2007/5/22 0:00,89644.0,5.61677,5.30303,5922,12783,30245,1497
2007/5/29 0:00,89644.0,4.53234,4.24456,4978,9958,25027,1453
2007/6/5 0:00,558269.0,3.83249,3.628,4420,7849,20254,1445
2007/6/12 0:00,89644.0,3.21522,3.03463,3878,6112,16714,1412
2007/6/19 0:00,89644.0,2.69245,2.53595,3153,4493,13040,1395
2007/6/26 0:00,89644.0,2.03366,2.0573,2689,3395,10376,1379
2007/7/3 0:00,89644.0,1.65275,1.7415,2372,2697,8583,1327
2007/7/10 0:00,89644.0,1.3113,1.40652,2045,2354,7045,1318
2007/7/17 0:00,89644.0,1.1652,1.26861,1857,2013,6079,1288
2007/7/24 0:00,89644.0,1.02035,1.07719,1572,1713,4953,1208
2007/7/31 0:00,89644.0,0.877607,0.993445,1466,1416,4224,1147
2007/8/7 0:00,89644.0,0.825107,0.911212,1356,1381,4011,1098
2007/8/14 0:00,89644.0,0.787315,0.972109,1439,1274,3904,1074
2007/8/21 0:00,89644.0,0.805439,0.993258,1393,1116,3646,945
2007/8/28 0:00,89644.0,0.886061,1.09132,1473,1083,3803,869
2007/9/4 0:00,89644.0,0.743743,0.888446,1159,906,2933,789
2007/9/11 0:00,89644.0,0.706842,0.887691,1113,886,2906,764
2007/9/18 0:00,89644.0,0.655943,0.883187,1115,855,2842,755
2007/9/25 0:00,89644.0,0.633492,0.826756,937,810,2534,730
2007/10/2 0:00,89644.0,0.571837,0.783201,913,762,2405,713
2007/10/9 0:00,89644.0,0.558278,0.78061,881,749,2431,710
2007/10/16 0:00,89644.0,0.597893,0.769073,826,703,2319,696
2007/10/23 0:00,89644.0,0.577222,0.721298,779,704,2166,694
2007/10/30 0:00,304175.0,0.596987,0.752527,788,763,2289,676
2007/11/6 0:00,89644.0,0.564653,0.752721,679,706,2220,668
2007/11/13 0:00,89644.0,0.585682,0.792766,789,745,2368,657
2007/11/20 0:00,89644.0,0.503985,0.743896,730,754,2237,657
2007/11/27 0:00,89644.0,0.468139,0.814166,794,892,2429,636
2007/12/4 0:00,89644.0,0.576455,0.838401,774,880,2461,666
2007/12/11 0:00,89644.0,0.681361,0.851124,859,994,2788,685
2007/12/18 0:00,89644.0,0.794764,1.10976,1062,1527,3735,679
2007/12/25 0:00,89644.0,0.868116,1.03114,983,1306,3400,716
2008/1/1 0:00,89644.0,1.06828,1.02284,1535,2352,5687,1435
2008/1/8 0:00,89644.0,1.00756,1.03017,1861,2291,5959,1500
2008/1/15 0:00,89644.0,0.979399,1.01245,1869,2219,5896,1525
2008/1/22 0:00,89644.0,1.04943,1.08359,1976,2474,6485,1527
2008/1/29 0:00,89644.0,1.13218,1.16578,2119,2547,6987,1545
2008/2/5 0:00,89644.0,1.13156,1.1913,2276,2668,7297,1555
2008/2/12 0:00,89644.0,1.15469,1.28075,2512,2854,7667,1555
2008/2/19 0:00,608646.0,1.20448,1.27053,2600,2828,7733,1563
2008/2/26 0:00,89644.0,1.36081,1.59578,3024,2412,7634,1523
2008/3/4 0:00,597052.0,1.30322,1.4585,3114,2913,8708,1551
2008/3/11 0:00,89644.0,1.30204,1.49921,3252,3024,8689,1543
2008/3/18 0:00,89644.0,1.45109,1.62982,3137,2579,7812,1416
2008/3/25 0:00,89644.0,1.79927,2.15561,3897,2367,8706,1484
2008/4/1 0:00,89644.0,2.12134,2.02053,3814,2042,8603,1490
2008/4/8 0:00,89644.0,1.47138,1.54566,3245,2548,8956,1539
2008/4/15 0:00,89644.0,1.61555,1.64224,3142,3345,9289,1512
2008/4/22 0:00,89644.0,1.95333,1.96524,3602,4597,11456,1566
2008/4/29 0:00,89644.0,2.42907,2.34368,4039,6602,14324,1554
2008/5/6 0:00,89644.0,2.96686,2.86057,4606,8882,18268,1580
2008/5/13 0:00,89644.0,3.57354,3.3421,5064,11215,21667,1569
2008/5/20 0:00,89644.0,3.36653,3.20566,4848,9851,20022,1543
2008/5/27 0:00,89644.0,3.2962,3.10049,4694,10092,20450,1544
2008/6/3 0:00,89644.0,3.17227,2.95819,4420,9116,18441,1534
2008/6/10 0:00,89644.0,2.5804,2.46381,4046,7446,15711,1524
2008/6/17 0:00,89644.0,2.42922,2.19272,3657,6036,13277,1494
2008/6/24 0:00,89644.0,1.99028,1.87395,3237,5052,11400,1470
2008/7/1 0:00,89644.0,1.72423,1.64817,2829,4283,9669,1440
2008/7/8 0:00,89644.0,1.60355,1.49878,2577,3407,8460,1422
2008/7/15 0:00,89644.0,1.28418,1.29233,2371,2761,7222,1415
2008/7/22 0:00,89644.0,1.2932,1.27164,2353,2855,7348,1445
2008/7/29 0:00,89644.0,2.74012,2.98159,4821,8043,18627,1405
2008/8/5 0:00,89644.0,2.22391,2.43702,3920,6221,14578,1422
2008/8/12 0:00,89644.0,1.76657,2.2813,3236,5888,12554,1372
2008/8/19 0:00,89644.0,1.92171,3.81572,4188,12026,20774,1331
2008/8/26 0:00,89644.0,1.8611,4.21315,4496,12461,22394,1314
2008/9/2 0:00,89644.0,1.68423,3.17832,3865,8615,17105,1305
2008/9/9 0:00,89644.0,1.7393,2.50972,3072,5660,12392,1296
2008/9/16 0:00,89644.0,1.83001,2.06632,2623,4740,10780,1280
2008/9/23 0:00,89644.0,1.58128,1.71805,2299,3700,8801,1279
2008/9/30 0:00,89644.0,1.49172,1.55965,2145,2893,7422,1237
2008/10/7 0:00,89644.0,1.389,1.30856,1701,2481,6290,1246
2008/10/14 0:00,89644.0,1.34702,1.18695,1581,2437,5964,1248
2008/10/21 0:00,89644.0,1.16056,1.13796,1608,2285,5735,1248
2008/10/28 0:00,89644.0,1.2085,1.15005,1519,2199,5587,1254
2008/11/4 0:00,89644.0,1.15544,1.11262,1651,2082,5526,1230
2008/11/11 0:00,89644.0,1.14518,1.16142,1645,2321,5877,1234
2008/11/18 0:00,89644.0,1.4664,1.64107,2167,4210,8941,1286
2008/11/25 0:00,89644.0,2.38017,2.47166,2883,8253,14556,1320
2008/12/2 0:00,89644.0,3.44681,3.71969,3713,13114,21350,1358
2008/12/9 0:00,89644.0,4.05315,3.94975,4087,13407,22561,1367
2008/12/16 0:00,89644.0,4.26621,4.08756,4445,15326,26091,1380
2008/12/23 0:00,89644.0,4.21579,4.01897,4462,14152,24454,1313
2008/12/30 0:00,89644.0,4.8861,4.60362,4974,16291,27919,1331
2009/1/6 0:00,89644.0,6.06923,5.66087,9302,27406,48420,2056
2009/1/13 0:00,853912.0,7.09467,6.81522,11527,32585,58196,2134
2009/1/20 0:00,89644.0,7.7151,7.61889,13187,39364,69068,2162
2009/1/27 0:00,89644.0,7.55134,7.38836,13174,36860,66411,2167
2009/2/3 0:00,89644.0,6.67118,6.33927,12161,30860,57017,2197
2009/2/10 0:00,89644.0,5.20633,4.94349,10151,21112,42729,2191
2009/2/17 0:00,89644.0,4.04477,3.80996,8979,14652,32520,2157
2009/2/24 0:00,89644.0,3.49722,3.44106,7716,8237,22508,2146
2009/3/3 0:00,89644.0,2.69023,2.66773,7195,7988,21730,2122
2009/3/10 0:00,89644.0,2.47119,2.47183,6490,7218,19325,2093
2009/3/17 0:00,89644.0,2.44773,2.345,6275,5785,17081,2014
2009/3/24 0:00,89644.0,2.64594,2.71435,6078,4127,14575,1934
2009/3/31 0:00,89644.0,2.61567,2.67667,6598,3726,15613,1937
2009/4/7 0:00,89644.0,1.90712,1.98284,4998,3961,14299,1996
2009/4/14 0:00,89644.0,1.86738,1.82749,4877,4614,14088,2016
2009/4/21 0:00,89644.0,1.88072,1.92606,5399,5079,14757,2053
2009/4/28 0:00,89644.0,1.96908,1.92495,5333,5655,15122,2026
2009/5/5 0:00,89644.0,2.11387,2.08877,5816,6142,16037,1996
2009/5/12 0:00,89644.0,2.09695,2.03434,5496,5577,15381,1977
2009/5/19 0:00,89644.0,1.90294,1.97649,5388,5536,15065,1954
2009/5/26 0:00,89644.0,1.96951,1.99362,5040,6207,16087,1990
2009/6/2 0:00,89644.0,1.92331,1.85383,4281,5685,14486,1953
2009/6/9 0:00,89644.0,1.89659,1.8673,4612,5270,14354,1946
2009/6/16 0:00,89644.0,1.75181,1.69987,4063,4466,12601,1933
2009/6/23 0:00,89644.0,1.52632,1.49741,3625,4108,11191,1917
2009/6/30 0:00,89644.0,1.49572,1.45112,3408,3733,10359,1875
2009/7/7 0:00,89644.0,1.22313,1.20715,3090,2933,8813,1850
2009/7/14 0:00,89644.0,1.17754,1.17415,3117,3110,8801,1831
2009/7/21 0:00,89644.0,1.09112,1.16207,2921,3044,8362,1765
2009/7/28 0:00,89644.0,1.11958,1.17213,3081,2972,8440,1755
2009/8/4 0:00,89644.0,1.08169,1.12168,2781,2901,7914,1710
2009/8/11 0:00,89644.0,1.12497,1.14981,2851,2645,7697,1664
2009/8/18 0:00,89644.0,1.06197,1.13328,2816,2553,7603,1624
2009/8/25 0:00,89644.0,1.08909,1.08171,2636,2188,6853,1497
2009/9/1 0:00,89644.0,1.1776,1.19959,2413,2172,6595,1421
2009/9/8 0:00,89644.0,0.97493,0.952808,2147,1831,5755,1435
2009/9/15 0:00,89644.0,0.987132,0.916032,1975,1784,5316,1405
2009/9/22 0:00,575664.0,0.995991,0.926582,2027,1779,5334,1384
2009/9/29 0:00,89644.0,0.904726,0.86962,1754,1541,4718,1347
2009/10/6 0:00,89644.0,0.941927,0.903133,1753,1566,4691,1353
2009/10/13 0:00,89644.0,0.880415,0.773776,1458,1450,4234,1284
2009/10/20 0:00,89644.0,0.842615,0.742774,1323,1335,3950,1265
2009/10/27 0:00,89644.0,0.858382,0.730934,1290,1279,3850,1250
2009/11/3 0:00,89644.0,0.83383,0.786882,1381,1357,4077,1241
2009/11/10 0:00,89644.0,0.847437,0.763051,1378,1307,4008,1212
2009/11/17 0:00,89644.0,0.888273,0.841043,1485,1592,4518,1225
2009/11/24 0:00,89644.0,0.765372,0.791573,1520,1592,4420,1235
2009/12/1 0:00,89644.0,0.91858,0.912732,1564,1866,5007,1170
2009/12/8 0:00,89644.0,1.01432,1.03398,1850,1959,5493,1198
2009/12/15 0:00,89644.0,1.01233,0.934009,1720,2118,5510,1210
2009/12/22 0:00,89644.0,1.11803,1.08189,2134,2510,6741,1206
2009/12/29 0:00,89644.0,1.11806,1.06563,1995,2383,6387,1254
2010/1/5 0:00,89644.0,1.10939,1.13505,2627,3142,8473,1838
2010/1/12 0:00,89644.0,1.24341,1.25256,2953,3522,9347,1875
2010/1/19 0:00,89644.0,1.25726,1.2457,3044,3641,9684,1907
2010/1/26 0:00,89644.0,1.25734,1.26774,3226,3822,9904,1929
2010/2/2 0:00,89644.0,1.43414,1.43723,3451,4397,11020,1947
2010/2/9 0:00,89644.0,1.51838,1.53341,3927,4679,11807,1940
2010/2/16 0:00,89644.0,1.61617,1.69445,4416,5322,13336,1921
2010/2/23 0:00,89644.0,1.84378,1.9915,4598,4145,12079,1938
2010/3/2 0:00,89644.0,1.72535,1.81305,5045,4978,13997,1964
2010/3/9 0:00,89644.0,1.87923,2.01426,5060,5867,14958,1936
2010/3/16 0:00,89644.0,2.3371,2.55659,6300,7194,18022,1916
2010/3/23 0:00,89644.0,3.03533,3.38185,7295,7071,19899,1840
2010/3/30 0:00,89644.0,3.136,3.43172,7478,5764,20346,1887
2010/4/6 0:00,89644.0,2.53336,2.69151,6584,6342,20026,1923
2010/4/13 0:00,711908.0,2.91288,2.91063,6238,7773,20721,1921
2010/4/20 0:00,89644.0,3.44497,3.49232,7247,11243,26257,1964
2010/4/27 0:00,89644.0,4.16185,4.0037,8007,15291,31975,1947
2010/5/4 0:00,89644.0,4.55159,4.43534,8195,16366,34284,1970
2010/5/11 0:00,89644.0,4.46504,4.24215,8036,16516,34456,1961
2010/5/18 0:00,89644.0,4.55124,4.39719,8172,17493,36567,1910
2010/5/25 0:00,89644.0,4.0822,3.90256,7839,13718,31277,1908
2010/6/1 0:00,89644.0,3.38812,3.15073,6376,10496,24627,1860
2010/6/8 0:00,89644.0,2.99142,2.72422,5691,8427,20377,1829
2010/6/15 0:00,89644.0,2.61542,2.33336,5363,6702,17309,1823
2010/6/22 0:00,728883.0,2.09065,1.925,4400,5489,14031,1790
2010/6/29 0:00,89644.0,1.86146,1.75243,4189,5025,12957,1770
2010/7/6 0:00,89644.0,1.61377,1.57704,3701,4557,11498,1723
2010/7/13 0:00,89644.0,1.42199,1.35766,3164,3562,9391,1681
2010/7/20 0:00,89644.0,1.3382,1.31223,3139,3064,8695,1651
2010/7/27 0:00,89644.0,1.19995,1.14937,2895,2673,7830,1612
2010/8/3 0:00,89644.0,1.14889,1.11451,2532,2553,7307,1585
2010/8/10 0:00,651983.0,1.12194,1.10984,2551,2595,7236,1556
2010/8/17 0:00,89644.0,1.06712,1.0524,2353,2280,6530,1516
2010/8/24 0:00,89644.0,1.05058,1.03536,2213,2110,6072,1381
2010/8/31 0:00,89644.0,1.15203,1.11777,2249,1980,5946,1357
2010/9/7 0:00,89644.0,0.970975,0.982949,2040,1760,5547,1296
2010/9/14 0:00,89644.0,0.894683,0.925194,1812,1599,4989,1279
2010/9/21 0:00,89644.0,0.843568,0.835531,1604,1422,4448,1251
2010/9/28 0:00,506732.0,0.815409,0.832393,1472,1462,4218,1225
2010/10/5 0:00,89644.0,0.823052,0.855591,1423,1269,4009,1211
2010/10/12 0:00,526346.0,0.674635,0.706949,1255,1206,3721,1220
2010/10/19 0:00,89644.0,0.631883,0.694387,1243,1184,3597,1203
2010/10/26 0:00,89644.0,0.641513,0.687976,1251,1188,3538,1179
2010/11/2 0:00,89644.0,0.529813,0.644743,1088,1125,3202,1175
2010/11/9 0:00,89644.0,0.644089,0.67533,1207,1223,3523,1175
2010/11/16 0:00,89644.0,0.667718,0.72823,1342,1358,3874,1191
2010/11/23 0:00,89644.0,0.705668,0.806526,1505,1600,4444,1195
2010/11/30 0:00,89644.0,0.804155,0.860408,1528,1781,4717,1200
2010/12/7 0:00,89644.0,0.907804,0.936075,1622,1809,4813,1184
2010/12/14 0:00,89644.0,1.00555,0.966683,1788,2206,5567,1196
2010/12/21 0:00,89644.0,1.03601,0.996007,1816,2264,5822,1201
2010/12/28 0:00,89644.0,1.07583,1.10846,2248,2514,6708,1213
2011/1/4 0:00,89644.0,1.16092,1.20345,3106,3485,9365,1850
2011/1/11 0:00,89644.0,1.19785,1.23777,3317,3667,9803,1883
2011/1/18 0:00,89644.0,1.27926,1.25259,3324,3837,9958,1905
2011/1/25 0:00,89644.0,1.29194,1.30546,3453,4035,10298,1900
2011/2/1 0:00,89644.0,1.42824,1.45295,3634,4658,11396,1925
2011/2/8 0:00,89644.0,1.39803,1.44089,3949,4348,11496,1946
2011/2/15 0:00,89644.0,1.45831,1.46221,3923,4361,11721,1900
2011/2/22 0:00,89644.0,1.56548,1.65573,4125,3340,10377,1918
2011/3/1 0:00,89644.0,1.34313,1.46606,4237,3955,11479,1904
2011/3/8 0:00,89644.0,1.48139,1.51811,3995,4040,11187,1898
2011/3/15 0:00,89644.0,1.63398,1.66429,4579,4097,12137,1872
2011/3/22 0:00,89644.0,1.83126,1.85274,5016,3535,11958,1851
2011/3/29 0:00,89644.0,2.10451,2.12413,5243,3184,12356,1821
2011/4/5 0:00,89644.0,1.73625,1.76709,4514,3393,11992,1891
2011/4/12 0:00,89644.0,1.55066,1.5434,4059,3636,11543,1883
2011/4/19 0:00,724623.0,1.62891,1.64762,4364,4030,11939,1887
2011/4/26 0:00,89644.0,1.76038,1.6843,4766,4802,13209,1891
2011/5/3 0:00,89644.0,1.92728,1.86354,5218,5336,14448,1885
2011/5/10 0:00,89644.0,1.91994,1.86408,5028,5555,14624,1875
2011/5/17 0:00,89644.0,2.09951,2.01839,5277,5994,15929,1884
2011/5/24 0:00,89644.0,2.23973,2.10385,5246,5990,16137,1853
2011/5/31 0:00,788242.0,2.21921,2.09555,5219,6239,16518,1826
2011/6/7 0:00,89644.0,2.16693,2.10398,4811,6493,15763,1816
2011/6/14 0:00,89644.0,2.38913,2.2941,5175,6768,17150,1819
2011/6/21 0:00,89644.0,1.96466,1.92223,4422,5683,14524,1780
2011/6/28 0:00,89644.0,1.84229,1.74239,3807,5256,13017,1753
2011/7/5 0:00,711808.0,1.68674,1.67601,3582,4631,11930,1729
2011/7/12 0:00,89644.0,1.53136,1.49637,3253,4059,10732,1707
2011/7/19 0:00,89644.0,1.37912,1.38202,3001,4020,10123,1699
2011/7/26 0:00,89644.0,1.29515,1.28926,2638,3802,9370,1675
2011/8/2 0:00,89644.0,1.39521,1.35803,2509,3671,8999,1564
2011/8/9 0:00,89644.0,1.32522,1.30833,2524,3468,8576,1546
2011/8/16 0:00,89644.0,1.23059,1.26692,2465,3087,8062,1503
2011/8/23 0:00,89644.0,1.23028,1.27731,2545,3011,7878,1415
2011/8/30 0:00,89644.0,1.26877,1.2991,2480,2601,7153,1409
2011/9/6 0:00,89644.0,1.10782,1.16297,2336,2352,6765,1365
2011/9/13 0:00,89644.0,1.09559,1.08612,2231,2024,6133,1289
2011/9/20 0:00,89644.0,1.11031,1.0568,2259,1974,6048,1295
2011/9/27 0:00,89644.0,1.10616,1.07871,2168,1850,5786,1260
2011/10/4 0:00,89644.0,1.10816,1.04662,1911,1706,5291,1271
2011/10/11 0:00,89644.0,0.999444,0.928152,1913,1751,5185,1240
2011/10/18 0:00,89644.0,0.924199,0.901936,1818,1640,4931,1223
2011/10/25 0:00,89644.0,0.949257,0.915356,1752,1721,5103,1250
2011/11/1 0:00,89644.0,0.978903,0.952548,1728,1706,5159,1240
2011/11/8 0:00,548294.0,0.925024,0.916661,1660,1718,5026,1248
2011/11/15 0:00,89644.0,0.848456,0.901787,1721,1755,5051,1238
2011/11/22 0:00,89644.0,1.04451,1.03315,2098,2128,6141,1238
2011/11/29 0:00,89644.0,1.0986,1.05238,1958,2335,6318,1238
2011/12/6 0:00,89644.0,1.22071,1.12713,1886,2294,6296,1242
2011/12/13 0:00,89644.0,1.24976,1.1866,2176,2870,7382,1252
2011/12/20 0:00,89644.0,1.22892,1.21415,2295,2972,7656,1268
2011/12/27 0:00,89644.0,1.29393,1.25198,2421,2867,7807,1248
2012/1/3 0:00,89644.0,1.23034,1.20559,2773,3691,9395,1932
2012/1/10 0:00,89644.0,1.3278,1.31929,2960,4007,10158,1940
2012/1/17 0:00,89644.0,1.33995,1.32737,3202,4233,10585,1968
2012/1/24 0:00,89644.0,1.37842,1.36688,3346,4268,10913,1958
2012/1/31 0:00,89644.0,1.50085,1.50535,3326,4422,11061,1929
2012/2/7 0:00,89644.0,1.65163,1.61273,3733,5145,12674,1974
2012/2/14 0:00,89644.0,1.76746,1.75208,4034,5526,13623,1966
2012/2/21 0:00,89644.0,2.30609,2.33365,4651,5387,14650,1968
2012/2/28 0:00,89644.0,2.16324,2.2268,5102,7018,18521,2006
2012/3/6 0:00,89644.0,2.83038,2.97657,6486,10857,24877,2006
2012/3/13 0:00,89644.0,3.43761,3.62552,7446,12945,29432,1977
2012/3/20 0:00,754019.0,4.30554,4.5532,8546,13971,34332,1908
2012/3/27 0:00,89644.0,6.06082,6.02598,9709,11391,36588,1905
2012/4/3 0:00,89644.0,4.64931,4.96368,8444,9108,34103,1982
2012/4/10 0:00,89644.0,4.32584,4.69072,8297,13424,39896,1995
2012/4/17 0:00,89644.0,4.51113,4.70473,8633,15992,39441,2008
2012/4/24 0:00,89644.0,4.2171,4.1646,7441,13439,32426,1978
2012/5/1 0:00,89644.0,3.78956,3.69533,6609,12653,29808,1963
2012/5/8 0:00,89644.0,3.29206,3.2363,5757,10816,24987,1931
2012/5/15 0:00,89644.0,3.0197,2.89421,5289,9395,22321,1926
2012/5/22 0:00,89644.0,2.71499,2.71742,5099,8415,20519,1940
2012/5/29 0:00,89644.0,2.4845,2.52297,4633,7981,19231,1893
2012/6/5 0:00,89644.0,2.57808,2.55227,4791,7709,18829,1884
2012/6/12 0:00,715059.0,2.39237,2.43225,4480,7065,17392,1846
2012/6/19 0:00,89644.0,2.06778,2.10851,3957,6095,15254,1825
2012/6/26 0:00,89644.0,1.90281,1.94725,3830,5204,13714,1811
2012/7/3 0:00,89644.0,1.65902,1.74859,3516,4299,12273,1769
2012/7/10 0:00,89644.0,1.43006,1.49713,3110,3929,10818,1742
2012/7/17 0:00,89644.0,1.27757,1.32313,2707,3509,9188,1732
2012/7/24 0:00,89644.0,1.19009,1.22647,2588,3364,8589,1711
2012/7/31 0:00,89644.0,1.09556,1.19614,2439,3142,7986,1675
2012/8/7 0:00,89644.0,1.08589,1.19049,2422,2877,7704,1630
2012/8/14 0:00,89644.0,1.07343,1.17426,2431,2583,7317,1582
2012/8/21 0:00,89644.0,1.01677,1.13342,2230,2219,6589,1489
2012/8/28 0:00,89644.0,1.04847,1.14306,2109,2094,6190,1486
2012/9/4 0:00,89644.0,0.920349,1.00881,1983,1779,5638,1421
2012/9/11 0:00,89644.0,0.920779,1.02358,1969,1713,5539,1419
2012/9/18 0:00,89644.0,0.904333,1.00138,1877,1766,5474,1405
2012/9/25 0:00,89644.0,0.83057,0.909498,1703,1581,4915,1389
2012/10/2 0:00,89644.0,0.862837,0.950042,1594,1489,4506,1357
2012/10/9 0:00,89644.0,0.732182,0.829299,1576,1491,4510,1362
2012/10/16 0:00,89644.0,0.724558,0.802109,1432,1405,4186,1341
2012/10/23 0:00,89644.0,0.740848,0.806333,1416,1464,4233,1325
2012/10/30 0:00,89644.0,0.726037,0.796937,1216,1284,3886,1290
2012/11/6 0:00,523015.0,0.755639,0.779136,1367,1338,4075,1299
2012/11/13 0:00,89644.0,0.761847,0.797653,1364,1366,4168,1276
2012/11/20 0:00,89644.0,0.779896,0.825485,1331,1561,4317,1265
2012/11/27 0:00,89644.0,0.899138,0.935469,1499,1814,5053,1260
2012/12/4 0:00,89644.0,0.999524,1.04345,1681,2035,5626,1317
2012/12/11 0:00,89644.0,1.0558,1.09107,1926,2437,6374,1307
2012/12/18 0:00,89644.0,1.0967,1.20108,2175,2683,7110,1290
2012/12/25 0:00,89644.0,1.24709,1.26179,2393,2963,7963,1364
2013/1/1 0:00,89644.0,1.15746,1.13249,2974,3769,9677,1960
2013/1/8 0:00,89644.0,1.27184,1.21121,3276,3925,10420,1990
2013/1/15 0:00,89644.0,1.31623,1.25682,3483,3880,10658,2018
2013/1/22 0:00,89644.0,1.37444,1.37097,3930,4484,12036,2027
2013/1/29 0:00,89644.0,1.46781,1.42956,4045,4642,12502,2028
2013/2/5 0:00,89644.0,1.5834,1.53588,4434,5062,13498,2017
2013/2/12 0:00,89644.0,1.60253,1.60267,4643,5000,13927,2054
2013/2/19 0:00,89644.0,1.72344,1.73267,4835,5579,15168,2012
2013/2/26 0:00,89644.0,2.11076,2.09858,4937,4313,13975,2042
2013/3/5 0:00,89644.0,2.1708,2.21374,5549,6579,18920,2055
2013/3/12 0:00,89644.0,2.36971,2.41674,5501,7046,19398,2054
2013/3/19 0:00,89644.0,3.15997,3.03071,6555,8406,24697,2009
2013/3/26 0:00,89644.0,4.59053,4.38724,7814,7485,26988,2007
2013/4/2 0:00,89644.0,4.28195,4.2112,7488,6726,28654,2033
2013/4/9 0:00,89644.0,3.56288,3.46492,6233,7881,28147,2059
2013/4/16 0:00,89644.0,3.36378,3.31698,6007,9517,28370,2049
2013/4/23 0:00,89644.0,3.39659,3.2407,5878,8858,25502,2062
2013/4/30 0:00,89644.0,3.11922,2.88598,5133,8714,23484,2051
2013/5/7 0:00,89644.0,2.83572,2.62172,4729,7711,21085,2051
2013/5/14 0:00,89644.0,2.48484,2.34067,4210,6717,18195,2018
2013/5/21 0:00,89644.0,2.2741,2.12059,4250,6121,17234,2025
2013/5/28 0:00,89644.0,2.07244,1.91094,3953,5875,15914,1978
2013/6/4 0:00,89644.0,1.98207,1.9023,3775,5575,15044,1944
2013/6/11 0:00,794024.0,1.82441,1.76619,3616,5022,14024,1904
2013/6/18 0:00,89644.0,1.82036,1.85791,3798,5611,14926,1922
2013/6/25 0:00,89644.0,1.75391,1.82094,3523,5812,14661,1887
2013/7/2 0:00,89644.0,1.74542,1.83453,3582,5659,14637,1866
2013/7/9 0:00,89644.0,1.67236,1.75446,3574,5587,14206,1845
2013/7/16 0:00,89644.0,1.51659,1.51636,3130,4279,11723,1810
2013/7/23 0:00,89644.0,1.44778,1.40334,2846,3770,10814,1771
2013/7/30 0:00,89644.0,1.29028,1.2593,2501,3591,9648,1746
2013/8/6 0:00,89644.0,1.37388,1.32482,2789,3615,9775,1714
2013/8/13 0:00,708049.0,1.34208,1.27576,2544,3256,9033,1660
2013/8/20 0:00,89644.0,1.34563,1.29483,2733,3068,8797,1570
2013/8/27 0:00,89644.0,1.21291,1.2261,2528,2459,7658,1554
2013/9/3 0:00,89644.0,1.19291,1.14538,2383,2349,7229,1461
2013/9/10 0:00,89644.0,1.14146,1.0678,2227,2181,6783,1461
2013/9/17 0:00,89644.0,1.06503,1.07269,2159,2009,6369,1392
2013/9/24 0:00,89644.0,1.12669,1.01298,2049,1917,6038,1411
2013/10/1 0:00,89644.0,0.947353,0.994705,1865,1688,5352,1388
2013/10/8 0:00,89644.0,0.944187,0.880862,1758,1623,5295,1394
2013/10/15 0:00,89644.0,0.934822,0.858173,1582,1621,5083,1376
2013/10/22 0:00,89644.0,0.81736,0.805152,1455,1450,4765,1372
2013/10/29 0:00,89644.0,0.852792,0.818781,1450,1655,4942,1378
2013/11/5 0:00,89644.0,0.746994,0.783735,1460,1528,4744,1382
2013/11/12 0:00,89644.0,0.761098,0.848703,1528,1631,4980,1369
2013/11/19 0:00,89644.0,0.767627,0.834146,1569,1813,5305,1371
2013/11/26 0:00,89644.0,0.862176,0.905981,1684,2184,5799,1353
2013/12/3 0:00,89644.0,0.984907,1.04506,1753,2258,6050,1352
2013/12/10 0:00,89644.0,1.16287,1.16816,2300,3316,8130,1401
2013/12/17 0:00,89644.0,1.22731,1.27649,2535,3650,8888,1405
2013/12/24 0:00,89644.0,1.2071,1.29758,2522,3447,8874,1407
2013/12/31 0:00,89644.0,1.16191,1.20612,2958,3994,10150,1937
2014/1/7 0:00,89644.0,1.30905,1.32485,3055,4437,10977,1960
2014/1/14 0:00,89644.0,1.37072,1.41192,3442,4728,11941,2000
2014/1/21 0:00,89644.0,1.43373,1.42547,3455,4955,12292,2008
2014/1/28 0:00,89644.0,1.42791,1.43909,3632,5102,12313,2053
2014/2/4 0:00,89644.0,1.61605,1.61532,4277,5799,13853,2058
2014/2/11 0:00,89644.0,1.65976,1.66473,4424,5816,14062,1997
2014/2/18 0:00,89644.0,2.05459,2.0058,4740,7322,16674,2058
2014/2/25 0:00,89644.0,2.53541,2.62227,5432,6848,17602,2067
2014/3/4 0:00,89644.0,2.54253,2.60749,6185,9106,22905,2097
2014/3/11 0:00,89644.0,3.60563,3.4178,7424,13050,29172,2069
2014/3/18 0:00,89644.0,4.90976,4.46555,9270,16418,37382,2016
2014/3/25 0:00,89644.0,5.98221,6.11497,10363,13951,40533,1984
2014/4/1 0:00,89644.0,5.47421,5.30979,9732,9406,36891,1983
2014/4/8 0:00,89644.0,4.21374,4.07898,7160,9589,31483,1958
2014/4/15 0:00,89644.0,4.21022,3.93762,7044,11966,31204,1971
2014/4/22 0:00,89644.0,4.25968,4.15076,7840,13949,33221,1966
2014/4/29 0:00,89644.0,3.97761,3.87899,7118,13159,30621,1955
2014/5/6 0:00,89644.0,3.63443,3.45794,6656,12093,28151,1950
2014/5/13 0:00,89644.0,3.26527,3.06359,6429,10328,25218,1917
2014/5/20 0:00,746836.0,2.93083,2.82646,5537,8164,21109,1907
2014/5/27 0:00,89644.0,2.54474,2.3599,4823,7280,19178,1934
2014/6/3 0:00,89644.0,2.47227,2.33472,4639,7116,18441,1912
2014/6/10 0:00,89644.0,2.35665,2.21286,4710,6748,17833,1907
2014/6/17 0:00,89644.0,2.17008,2.07619,4559,6084,16695,1883
2014/6/24 0:00,89644.0,2.04297,2.01267,4418,6003,16122,1848
2014/7/1 0:00,89644.0,1.954,1.94192,4174,5623,14975,1819
2014/7/8 0:00,89644.0,1.72287,1.74809,3903,4634,13733,1820
2014/7/15 0:00,800974.0,1.53694,1.50367,3448,4214,12044,1813
2014/7/22 0:00,89644.0,1.38283,1.43494,3182,4011,10860,1768
2014/7/29 0:00,89644.0,1.46265,1.45673,3203,4280,11095,1753
2014/8/5 0:00,89644.0,1.38934,1.42836,3106,4079,10694,1735
2014/8/12 0:00,89644.0,1.3468,1.35297,2805,3641,9671,1688
2014/8/19 0:00,89644.0,1.25452,1.33093,2754,3296,9024,1622
2014/8/26 0:00,89644.0,1.21636,1.28422,2593,2714,7913,1579
2014/9/2 0:00,89644.0,1.16734,1.13889,2211,2345,6946,1505
2014/9/9 0:00,89644.0,1.04654,1.10343,2109,2284,6744,1455
2014/9/16 0:00,89644.0,0.943661,0.970748,1734,2046,5850,1459
2014/9/23 0:00,89644.0,0.935046,0.998681,1897,1921,5913,1445
2014/9/30 0:00,89644.0,0.934726,0.978057,1678,1701,5232,1417
2014/10/7 0:00,89644.0,0.864118,0.866431,1546,1675,5116,1428
2014/10/14 0:00,89644.0,0.806535,0.827757,1487,1609,4870,1411
2014/10/21 0:00,89644.0,0.742747,0.797572,1383,1498,4626,1401
2014/10/28 0:00,89644.0,0.737859,0.811221,1415,1459,4605,1352
2014/11/4 0:00,89644.0,0.743224,0.821165,1392,1590,4753,1364
2014/11/11 0:00,579668.0,0.805251,0.819435,1330,1667,4750,1340
2014/11/18 0:00,89644.0,0.816943,0.848041,1429,1815,5173,1356
2014/11/25 0:00,635661.0,0.814518,0.888524,1687,2033,5648,1362
2014/12/2 0:00,89644.0,0.86067,0.962826,1636,2292,5963,1354
2014/12/9 0:00,89644.0,0.886704,1.02252,1714,2169,5970,1349
2014/12/16 0:00,89644.0,1.00845,1.08392,1993,2744,7062,1369
2014/12/23 0:00,89644.0,1.06625,1.17724,2178,2947,7704,1367
2014/12/30 0:00,89644.0,1.05995,1.1716,2170,2746,7626,1332
2015/1/6 0:00,89644.0,1.22559,1.24325,2849,3693,10049,1963
2015/1/13 0:00,89644.0,1.31066,1.3234,3016,4007,10715,1976
2015/1/20 0:00,89644.0,1.3711,1.40399,3263,4360,11584,1995
2015/1/27 0:00,89644.0,1.39171,1.37629,3141,4148,11164,1999
2015/2/3 0:00,89644.0,1.43712,1.46866,3563,4783,12423,2048
2015/2/10 0:00,89644.0,1.50165,1.533,3746,4725,12676,2028
2015/2/17 0:00,89644.0,1.59805,1.60841,3960,5076,13484,2023
2015/2/24 0:00,89644.0,1.89668,1.90047,3974,4073,12158,2000
2015/3/3 0:00,89644.0,1.67728,1.73645,4469,5076,14617,2040
2015/3/10 0:00,89644.0,1.78296,1.81945,4575,5384,14986,2020
2015/3/17 0:00,89644.0,1.87336,1.96571,5135,5105,15396,2000
2015/3/24 0:00,89644.0,2.32148,2.42021,5377,4317,14839,1978
2015/3/31 0:00,89644.0,2.40991,2.41083,5700,4011,15679,1949
2015/4/7 0:00,89644.0,1.94328,1.98859,4775,4494,15654,2004
2015/4/14 0:00,89644.0,1.99796,1.98985,4574,5362,15517,2005
2015/4/21 0:00,89644.0,2.11829,2.1071,4804,5380,15661,2008
2015/4/28 0:00,89644.0,2.25112,2.19256,5088,6882,18143,2026
2015/5/5 0:00,89644.0,2.37116,2.30014,5135,7353,18944,2007
2015/5/12 0:00,89644.0,2.80035,2.67574,5645,8434,21774,2000
2015/5/19 0:00,89644.0,3.16475,3.02427,5997,9325,24681,1993
2015/5/26 0:00,89644.0,3.15183,3.11328,6299,10127,26423,1956
2015/6/2 0:00,89644.0,3.3321,3.32788,6619,11415,28468,1952
2015/6/9 0:00,89644.0,3.56024,3.5918,6660,11856,30481,1922
2015/6/16 0:00,89644.0,3.05479,3.09262,5574,9334,24894,1898
2015/6/23 0:00,89644.0,2.76732,2.78803,5187,8489,21940,1900
2015/6/30 0:00,89644.0,2.44161,2.52371,4581,7392,19603,1832
2015/7/7 0:00,787543.0,2.03348,2.12928,3707,6403,16769,1813
2015/7/14 0:00,89644.0,1.98593,2.05142,3572,6595,16261,1805
2015/7/21 0:00,89644.0,1.91514,1.98957,3515,6357,15437,1774
2015/7/28 0:00,89644.0,1.69968,1.7858,3157,5557,13836,1759
2015/8/4 0:00,89644.0,1.57635,1.60144,2772,4729,11870,1742
2015/8/11 0:00,89644.0,1.3935,1.4743,2871,4046,10707,1690
2015/8/18 0:00,89644.0,1.29941,1.42286,2688,3630,9798,1626
2015/8/25 0:00,89644.0,1.18379,1.38196,2612,3126,8787,1439
2015/9/1 0:00,89644.0,1.13723,1.33712,2545,2620,7997,1482
2015/9/8 0:00,89644.0,1.04118,1.13894,2293,2313,7201,1446
2015/9/15 0:00,89644.0,0.971814,1.09641,2189,2171,6768,1440
2015/9/22 0:00,89644.0,0.863306,0.999559,2062,1905,6024,1402
2015/9/29 0:00,89644.0,0.833797,0.99095,1873,1810,5686,1382
2015/10/6 0:00,89644.0,0.784516,0.931253,1646,1641,5118,1379
2015/10/13 0:00,89644.0,0.734327,0.843118,1610,1599,5078,1392
2015/10/20 0:00,89644.0,0.698845,0.840286,1670,1621,5044,1388
2015/10/27 0:00,89644.0,0.723099,0.830065,1580,1624,4925,1393
2015/11/3 0:00,89644.0,0.663501,0.790428,1455,1496,4596,1360
2015/11/10 0:00,89644.0,0.69276,0.830826,1512,1639,4868,1329
2015/11/17 0:00,89644.0,0.710029,0.856796,1644,1914,5265,1345
2015/11/24 0:00,89644.0,0.834232,1.00746,1848,2364,6260,1356
2015/12/1 0:00,89644.0,0.992621,1.05868,1815,2651,6504,1354
2015/12/8 0:00,89644.0,1.01605,1.10028,1883,2604,6623,1347
2015/12/15 0:00,89644.0,1.07169,1.1457,2026,3073,7639,1365
2015/12/22 0:00,89644.0,1.10163,1.2189,2341,3298,8229,1363
2015/12/29 0:00,89644.0,1.18841,1.31113,2413,3334,8505,1389
2016/1/5 0:00,89644.0,1.2019,1.27386,3110,4169,10864,1946
2016/1/12 0:00,89644.0,1.23108,1.29342,3207,4078,10997,1973
2016/1/19 0:00,89644.0,1.26796,1.33097,3564,4452,11926,1983
2016/1/26 0:00,89644.0,1.36298,1.42662,3786,4769,12648,2006
2016/2/2 0:00,89644.0,1.48535,1.57071,4314,5287,13790,1999
2016/2/9 0:00,89644.0,1.55954,1.65146,4703,5193,14258,1990
2016/2/16 0:00,89644.0,1.64783,1.73309,4979,5610,15160,2000
2016/2/23 0:00,89644.0,1.91275,2.03388,5032,4567,14208,2011
2016/3/1 0:00,89644.0,1.81725,1.88331,5209,5655,16605,2001
2016/3/8 0:00,89644.0,1.91433,2.00292,5501,5812,16961,2013
2016/3/15 0:00,89644.0,2.21003,2.27731,5744,6724,18463,2000
2016/3/22 0:00,89644.0,2.73568,2.91465,6653,7469,21565,1977
2016/3/29 0:00,701569.0,3.36832,3.54919,7712,7144,24900,1928
2016/4/5 0:00,784740.0,3.09689,3.08102,6716,6786,24178,2024
2016/4/12 0:00,89644.0,3.07346,3.01875,6020,8843,24897,1997
2016/4/19 0:00,89644.0,3.51643,3.40446,6399,12147,28781,2029
2016/4/26 0:00,89644.0,3.8027,3.52869,6958,14073,31265,2021
2016/5/3 0:00,89644.0,4.50313,4.10665,7452,17482,36517,2024
2016/5/10 0:00,89644.0,5.06308,4.7551,8110,20150,42890,2027
2016/5/17 0:00,89644.0,4.86009,4.65163,7726,18692,41035,1967
2016/5/24 0:00,89644.0,4.57916,4.57049,7649,17300,40124,1987
2016/5/31 0:00,89644.0,3.55674,3.45522,6129,12394,30183,1995
2016/6/7 0:00,89644.0,3.50417,3.29505,5854,11552,28060,1971
2016/6/14 0:00,89644.0,3.21511,3.16426,5503,10084,25484,1958
2016/6/21 0:00,89644.0,3.10088,3.14433,5514,11503,27354,1940
2016/6/28 0:00,89644.0,2.79056,2.87936,5145,10149,24342,1899
2016/7/5 0:00,89644.0,2.38547,2.36977,4488,8178,19677,1906
2016/7/12 0:00,89644.0,1.9703,1.93853,3909,5847,15548,1861
2016/7/19 0:00,89644.0,1.73442,1.64064,3306,4683,13006,1845
2016/7/26 0:00,89644.0,1.56303,1.4752,2997,4497,11924,1846
2016/8/2 0:00,89644.0,1.4128,1.37755,2890,4105,10762,1795
2016/8/9 0:00,89644.0,1.27492,1.33771,2751,3831,10202,1767
2016/8/16 0:00,728288.0,1.2834,1.34686,2685,3518,9809,1746
2016/8/23 0:00,89644.0,1.16663,1.26579,2341,3060,8564,1614
2016/8/30 0:00,89644.0,1.10977,1.25701,2311,2575,7756,1569
2016/9/6 0:00,89644.0,1.04333,1.16048,2412,2377,7510,1493
2016/9/13 0:00,89644.0,0.905151,1.04834,2049,2099,6636,1470
2016/9/20 0:00,89644.0,0.902718,0.992711,1930,1971,6240,1469
2016/9/27 0:00,89644.0,0.859531,0.961603,1771,1748,5596,1422
2016/10/4 0:00,89644.0,0.818998,0.955818,1728,1564,5326,1456
2016/10/11 0:00,89644.0,0.752505,0.827597,1545,1578,4961,1405
2016/10/18 0:00,89644.0,0.731146,0.811886,1549,1421,4747,1384
2016/10/25 0:00,89644.0,0.733295,0.818527,1576,1515,4879,1377
2016/11/1 0:00,89644.0,0.73102,0.829758,1529,1485,4899,1390
2016/11/8 0:00,89644.0,0.68834,0.828503,1559,1481,4915,1386
2016/11/15 0:00,89644.0,0.732049,0.885896,1603,1691,5230,1350
2016/11/22 0:00,89644.0,0.911188,1.05351,1964,2549,6653,1379
2016/11/29 0:00,89644.0,1.02105,1.11768,2076,2726,7133,1370
2016/12/6 0:00,89644.0,1.09495,1.14028,2073,2488,7072,1384
2016/12/13 0:00,89644.0,1.09475,1.13326,2372,2942,8304,1485
2016/12/20 0:00,89644.0,1.09775,1.17589,2544,3075,8563,1484
2016/12/27 0:00,89644.0,1.18882,1.23848,2840,3201,9079,1468
2017/1/3 0:00,89644.0,1.26589,1.2802,3849,4556,12839,2220
2017/1/10 0:00,89644.0,1.30479,1.33123,4118,4453,13267,2245
2017/1/17 0:00,89644.0,1.34075,1.40786,4408,4993,14319,2266
2017/1/24 0:00,89644.0,1.51674,1.5722,5006,5531,15832,2266
2017/1/31 0:00,89644.0,1.74583,1.70326,5219,6134,17069,2222
2017/2/7 0:00,89644.0,1.88708,1.86636,6126,6671,19057,2288
2017/2/14 0:00,89644.0,2.05923,2.07647,6880,7577,21892,2296
2017/2/21 0:00,89644.0,2.27971,2.33593,6945,5875,19816,2271
2017/2/28 0:00,89644.0,2.28379,2.24637,7008,7474,23752,2279
2017/3/7 0:00,89644.0,2.58278,2.49504,7229,8488,24955,2272
2017/3/14 0:00,89644.0,3.36558,3.2005,8285,11259,31502,2262
2017/3/21 0:00,89644.0,4.73117,4.43807,10447,14166,42782,2211
2017/3/28 0:00,89644.0,5.70943,5.46361,11335,11540,45255,2132
2017/4/4 0:00,89644.0,5.74658,5.35765,9410,11717,47269,2243
2017/4/11 0:00,89644.0,5.89207,5.52437,10053,17357,56761,2257
2017/4/18 0:00,89644.0,6.51759,6.34528,11997,21897,63036,2286
2017/4/25 0:00,89644.0,7.16338,7.01811,13408,30625,77326,2288
2017/5/2 0:00,89644.0,7.52133,7.7809,14844,37200,85985,2275
2017/5/9 0:00,89644.0,7.38748,7.76939,15192,38606,87825,2299
2017/5/16 0:00,89644.0,6.44688,6.81176,13365,32124,76210,2227
2017/5/23 0:00,89644.0,4.95881,5.15749,10154,20450,53025,2272
2017/5/30 0:00,89644.0,3.68612,3.55945,7208,13392,36064,2208
2017/6/6 0:00,89644.0,3.18626,3.00518,6368,10850,29133,2214
2017/6/13 0:00,89644.0,2.76894,2.73038,5588,9468,25938,2201
2017/6/20 0:00,89644.0,2.48706,2.47768,5223,8640,23805,2180
2017/6/27 0:00,89644.0,2.40802,2.36314,4721,7214,20693,2144
2017/7/4 0:00,89644.0,2.07483,2.03139,4553,6218,19074,2127
2017/7/11 0:00,89644.0,1.77898,1.80376,4145,5505,16664,2086
2017/7/18 0:00,89644.0,1.61487,1.58696,3856,5269,14869,2112
2017/7/25 0:00,946160.0,1.5385,1.53801,3723,5336,14552,2088
2017/8/1 0:00,89644.0,1.52612,1.44974,3658,4815,13291,2018
2017/8/8 0:00,89644.0,1.28847,1.27729,3444,4133,11619,1933
2017/8/15 0:00,89644.0,1.18344,1.22051,3359,3764,11066,1977
2017/8/22 0:00,89644.0,1.24919,1.23235,3385,3429,10646,1896
2017/8/29 0:00,89644.0,1.14131,1.223,3220,2987,9608,1802
2017/9/5 0:00,89644.0,0.9878,1.0473,2847,2552,8693,1798
2017/9/12 0:00,89644.0,0.895565,0.978113,2375,2245,7573,1753
2017/9/19 0:00,89644.0,0.892204,0.947548,2312,2162,7373,1773
2017/9/26 0:00,800757.0,0.877184,0.867554,2206,1916,6947,1736
2017/10/3 0:00,89644.0,0.780203,0.82328,2009,1862,6258,1780
2017/10/10 0:00,89644.0,0.725075,0.771497,1943,1901,6501,1785
2017/10/17 0:00,89644.0,0.68247,0.706819,1741,1720,5786,1748
2017/10/24 0:00,89644.0,0.640393,0.685155,1665,1643,5497,1741
2017/10/31 0:00,89644.0,0.639127,0.687351,1618,1769,5612,1724
2017/11/7 0:00,89644.0,0.705637,0.735733,1726,1784,5861,1690
2017/11/14 0:00,89644.0,0.707801,0.806048,1986,2170,6537,1725
2017/11/21 0:00,89644.0,0.822659,0.944013,2239,2468,7323,1610
2017/11/28 0:00,89644.0,0.859864,0.960101,2445,2830,8111,1681
2017/12/5 0:00,89644.0,1.10083,1.14128,2814,3343,9530,1710
2017/12/12 0:00,89644.0,1.15323,1.14784,2773,3660,10065,1708
2017/12/19 0:00,89644.0,1.20178,1.31156,3242,3949,11189,1684
2017/12/26 0:00,89644.0,1.2498,1.26102,3481,4198,11767,1710
2018/1/2 0:00,89644.0,1.41876,1.41974,4887,6341,17975,2611
2018/1/9 0:00,89644.0,1.40077,1.473,5332,6279,18652,2651
2018/1/16 0:00,1254844.0,1.47139,1.58968,5589,6802,19948,2623
2018/1/23 0:00,89644.0,1.63634,1.72208,6249,7487,21634,2678
2018/1/30 0:00,89644.0,1.79125,1.84114,6869,8291,23169,2666
2018/2/6 0:00,89644.0,1.86871,1.92692,7509,8451,24085,2672
2018/2/13 0:00,1171062.0,1.98121,2.0852,7821,8076,24419,2665
2018/2/20 0:00,89644.0,2.23487,2.40063,8607,7197,24635,2618
2018/2/27 0:00,89644.0,2.14572,2.24479,8890,8788,29096,2666
2018/3/6 0:00,89644.0,2.25134,2.29962,8809,9276,28377,2658
2018/3/13 0:00,1212127.0,2.6411,2.73181,10156,11376,33113,2650
2018/3/20 0:00,89644.0,3.13478,3.24012,11515,12816,38260,2596
2018/3/27 0:00,89644.0,3.96538,4.18077,13615,12044,44012,2581
2018/4/3 0:00,89644.0,3.45972,3.63095,11686,9572,42135,2630
2018/4/10 0:00,89644.0,3.07558,3.13643,9369,10758,38815,2656
2018/4/17 0:00,89644.0,3.3258,3.36213,9703,14265,41199,2658
2018/4/24 0:00,89644.0,3.79773,3.88115,10765,16965,46241,2677
2018/5/1 0:00,89644.0,4.34227,4.52235,11628,22217,55264,2668
2018/5/8 0:00,89644.0,4.86953,5.20091,13899,29772,69732,2673
2018/5/15 0:00,89644.0,5.03689,5.42034,14246,29255,70056,2655
2018/5/22 0:00,1260932.0,4.8812,5.27078,13634,26502,66461,2655
2018/5/29 0:00,89644.0,4.54791,4.58991,11647,23468,58802,2658
2018/6/5 0:00,89644.0,4.3762,4.39714,11168,21760,55431,2637
2018/6/12 0:00,89644.0,4.22692,4.12777,10986,20081,53177,2646
2018/6/19 0:00,89644.0,3.68251,3.50278,9721,16800,45668,2653
2018/6/26 0:00,89644.0,3.08559,3.04819,8644,13642,37948,2619
2018/7/3 0:00,89644.0,2.69831,2.67984,7606,11768,32941,2620
2018/7/10 0:00,89644.0,2.28676,2.26612,6754,10005,27854,2568
2018/7/17 0:00,89644.0,2.01217,1.96484,6325,7904,23147,2542
2018/7/24 0:00,89644.0,1.71323,1.72201,5698,6621,20610,2516
2018/7/31 0:00,89644.0,1.56678,1.5728,5369,6207,18864,2485
2018/8/7 0:00,89644.0,1.49827,1.45718,4789,5906,17107,2444
2018/8/14 0:00,89644.0,1.49961,1.50332,4649,5530,16459,2336
2018/8/21 0:00,89644.0,1.42123,1.40257,4601,5234,15763,2224
2018/8/28 0:00,89644.0,1.39258,1.40358,4442,4660,14776,2196
2018/9/4 0:00,89644.0,1.21697,1.23749,3937,4115,13451,2258
2018/9/11 0:00,89644.0,1.11266,1.12161,3506,3741,12106,2206
2018/9/18 0:00,89644.0,0.991888,1.01276,3056,3288,10695,2159
2018/9/25 0:00,89644.0,0.946401,0.959768,2955,3117,10027,2084
2018/10/2 0:00,89644.0,0.874695,0.878917,2512,2726,8722,2154
2018/10/9 0:00,89644.0,0.809169,0.794181,2346,2661,8425,2111
2018/10/16 0:00,89644.0,0.75452,0.766394,2222,2571,8116,2154
2018/10/23 0:00,89644.0,0.732983,0.748613,2138,2466,7787,2140
2018/10/30 0:00,89644.0,0.725811,0.757116,2354,2438,7884,2151
2018/11/6 0:00,89644.0,0.754209,0.770094,2102,2392,8060,2167
2018/11/13 0:00,89644.0,0.729672,0.833506,2634,2831,8994,2200
2018/11/20 0:00,89644.0,0.839875,0.94034,2911,3503,10103,2170
2018/11/27 0:00,89644.0,0.989358,1.08197,3428,4244,11904,2193
2018/12/4 0:00,89644.0,1.1354,1.20216,3810,4548,13188,2217
2018/12/11 0:00,89644.0,1.23124,1.27291,3912,5502,14843,2247
2018/12/18 0:00,89644.0,1.24448,1.3881,4469,5678,16001,2224
2018/12/25 0:00,89644.0,1.3379,1.49515,4981,6121,17453,2211
2019/1/1 0:00,89644.0,1.49002,1.50284,6219,7658,21916,2912
2019/1/8 0:00,89644.0,1.59192,1.59764,6550,7638,22954,2942
2019/1/15 0:00,89644.0,1.72572,1.73931,7287,8292,24886,2966
2019/1/22 0:00,89644.0,1.83419,1.86039,7892,9349,27419,2997
2019/1/29 0:00,89644.0,2.04008,2.01412,8658,10068,28910,3005
2019/2/5 0:00,89644.0,2.39351,2.36364,10557,12551,34586,3022
2019/2/12 0:00,89644.0,2.63251,2.64428,11446,13671,37732,2991
2019/2/19 0:00,89644.0,2.89941,2.97387,12716,17058,44161,2987
2019/2/26 0:00,89644.0,3.41501,3.45389,14444,14821,44044,2993
2019/3/5 0:00,89644.0,3.2579,3.31281,13852,16397,48904,2995
2019/3/12 0:00,89644.0,3.94308,3.86928,14728,21877,56444,2958
2019/3/19 0:00,89644.0,5.06435,5.02613,18001,29182,71594,2926
2019/3/26 0:00,89644.0,7.06161,7.15315,24097,34004,95757,2917
2019/4/2 0:00,1426691.0,5.90066,6.21936,21594,23392,88731,2970
2019/4/9 0:00,89644.0,4.9402,5.06711,15564,22756,75614,3002
2019/4/16 0:00,89644.0,5.33135,5.35768,16587,29668,79783,2995
2019/4/23 0:00,89644.0,6.07822,6.02274,18574,35275,90150,2997
2019/4/30 0:00,1575900.0,6.74724,6.87271,20299,44117,108307,2995
2019/5/7 0:00,89644.0,6.80157,7.08558,20270,45513,111361,3005
2019/5/14 0:00,89644.0,6.11292,6.22068,17393,36909,95418,2969
2019/5/21 0:00,89644.0,5.52513,5.61968,15330,28531,80559,2984
2019/5/28 0:00,89644.0,5.12333,5.10268,13820,25490,74823,2947
2019/6/4 0:00,89644.0,5.26652,5.28928,13888,26396,78779,2913
2019/6/11 0:00,89644.0,5.66932,6.28745,14154,27756,89607,2847
2019/6/18 0:00,89644.0,6.38029,7.35285,10790,17512,78584,2810
2019/6/25 0:00,89644.0,4.91692,6.22687,5129,8322,53142,2738
2019/7/2 0:00,89644.0,3.78625,4.82995,2359,4852,36251,2696
2019/7/9 0:00,89644.0,2.80122,3.47366,1496,3426,24974,2698
2019/7/16 0:00,709970.0,2.12907,2.57391,1068,2667,18274,2679
2019/7/23 0:00,89644.0,1.73315,2.02032,926,2317,15164,2663
2019/7/30 0:00,89644.0,1.40939,1.6211,864,2098,12821,2635
2019/8/6 0:00,89644.0,1.18657,1.35218,720,1883,11058,2624
2019/8/13 0:00,89644.0,1.11444,1.23805,788,1960,10480,2613
2019/8/20 0:00,89644.0,1.00711,1.07708,900,2221,11416,2963
2019/8/27 0:00,89644.0,0.889878,0.887647,805,1893,9605,2946
2019/9/3 0:00,89644.0,0.815858,0.820978,801,1967,9318,2925
2019/9/10 0:00,89644.0,0.837779,0.814955,878,2139,9572,2899
2019/9/17 0:00,89644.0,0.929189,0.951491,1005,2679,11866,2935
2019/9/24 0:00,89644.0,1.13871,1.20333,1212,3487,15490,2892
2019/10/1 0:00,89644.0,1.27591,1.38465,1394,3965,17826,2888
2019/10/8 0:00,89644.0,1.34978,1.47371,1544,4092,20043,2913
2019/10/15 0:00,89644.0,1.34436,1.43806,1657,4070,19250,2887
2019/10/22 0:00,89644.0,1.22126,1.21924,1634,3554,16523,2948
2019/10/29 0:00,89644.0,1.15381,1.1519,1608,3493,15514,2986
2019/11/5 0:00,89644.0,1.0649,1.05776,1570,3268,14103,2945
2019/11/12 0:00,89644.0,0.979173,0.980887,1587,3141,13131,2965
2019/11/19 0:00,89644.0,0.967664,0.959772,1804,3263,12900,2923
2019/11/26 0:00,89644.0,1.00158,0.972423,1864,3942,13138,2957
2019/12/3 0:00,89644.0,0.917339,0.915323,1766,3574,12232,2907
2019/12/10 0:00,89644.0,1.02954,0.97981,1995,3806,13001,2894
2019/12/17 0:00,89644.0,0.975797,0.956785,2068,3609,13005,2921
2019/12/24 0:00,89644.0,1.0586,1.0348,2273,4311,14457,2919
2019/12/31 0:00,89644.0,1.08369,1.0713,2460,4710,16493,3318
2020/1/7 0:00,89644.0,1.20798,1.18587,2553,5248,19156,3351
2020/1/14 0:00,89644.0,1.10574,1.08922,2305,4611,17233,3335
2020/1/21 0:00,89644.0,1.18827,1.14924,2445,4855,18150,3356
2020/1/28 0:00,89644.0,1.25309,1.18999,2517,4929,18607,3451
2020/2/4 0:00,89644.0,1.44223,1.33645,2727,5851,21401,3453
2020/2/11 0:00,89644.0,1.48489,1.37774,2775,5546,22603,3423
2020/2/18 0:00,89644.0,1.55053,1.42728,2689,5346,22695,3362
2020/2/25 0:00,89644.0,1.60937,1.4964,2483,4579,21297,3366
2020/3/3 0:00,89644.0,1.56746,1.44898,2603,4868,22270,3368
2020/3/10 0:00,89644.0,1.52214,1.43002,2566,4721,22203,3386
2020/3/17 0:00,89644.0,1.50787,1.39865,2482,4278,20865,3325
2020/3/24 0:00,89644.0,1.55631,1.45757,2323,3563,19840,3329
2020/3/31 0:00,1457151.0,1.5924,1.53951,2585,3934,22433,3307
2020/4/7 0:00,89644.0,1.4767,1.43551,2413,4546,22702,3336
2020/4/14 0:00,89644.0,1.29451,1.26458,2380,4055,19186,3313
2020/4/21 0:00,89644.0,1.2526,1.21119,2566,4049,18337,3338
2020/4/28 0:00,89644.0,1.10043,1.1221,2558,3937,16877,3344
2020/5/5 0:00,1479946.0,1.17828,1.08335,2632,3997,16033,3310
2020/5/12 0:00,89644.0,1.02473,0.977093,2554,3726,14054,3260
2020/5/19 0:00,89644.0,0.990461,0.909742,2317,3143,12567,3261
2020/5/26 0:00,89644.0,0.862614,0.861322,2534,3525,13244,3271
2020/6/2 0:00,89644.0,0.839059,0.846722,2756,3528,12913,3258
2020/6/9 0:00,89644.0,0.895958,0.908885,3203,3778,13979,3254
2020/6/16 0:00,89644.0,0.910926,0.941625,3478,3796,14389,3177
2020/6/23 0:00,89644.0,0.946945,0.972185,3734,3818,14999,3066
2020/6/30 0:00,89644.0,0.963716,1.01376,3955,3843,15307,3027
