date,HUFL,HULL,MUFL,MULL,LUFL,LULL,OT
2016/7/1 0:00,41.13000107,12.48099995,36.5359993,9.354999542,4.423999786,1.31099999,57.0
2016/7/1 1:00,37.52799988,10.13599968,33.93600082,7.532000065,4.434999943,1.215000033,37.12400055
2016/7/1 2:00,37.9469986,11.30900002,35.33000183,9.006999969,2.099999905,0.0,36.46500015
2016/7/1 3:00,38.95199966,11.89500046,35.54399872,9.43599987,3.380000114,1.215000033,60.0
2016/7/1 4:00,38.11399841,11.47599983,35.40999985,9.623000145,2.036000013,0.0,31.85050011
2016/7/1 5:00,36.77399826,10.97399998,34.9280014,9.248000145,2.036000013,0.0,30.53199959
2016/7/1 6:00,39.0359993,11.81099987,37.15299988,10.07900047,2.036000013,0.0,30.09300041
2016/7/1 7:00,39.37099838,11.30900002,36.5359993,9.409000397,2.068000078,0.0,45.0
2016/7/1 8:00,33.92599869,8.461000443,31.89900017,6.486999989,2.015000105,0.0,29.65299988
2016/7/1 9:00,38.44900131,13.90499973,37.28699875,12.14299965,1.269000053,0.0,29.21349907
2016/7/1 10:00,35.93600082,9.550000191,34.25799942,8.041999817,1.269000053,0.0,27.45599937
2016/7/1 11:00,35.76900101,9.465999603,33.93600082,7.907999992,1.269000053,0.0,48.0
2016/7/1 12:00,40.20899963,12.98400021,38.76100159,11.09799957,1.343000054,0.0,27.23649979
2016/7/1 13:00,37.02500153,11.89500046,35.73199844,10.42700005,1.386000037,0.0,26.57699966
2016/7/1 14:00,39.95700073,13.31900024,38.57300186,11.41899967,1.289999962,0.0,26.79700089
2016/7/1 15:00,40.29199982,13.48700047,39.05599976,11.875,1.269000053,0.0,26.79700089
2016/7/1 16:00,40.87900162,13.56999969,39.45800018,11.84799957,1.493000031,0.0,26.79700089
2016/7/1 17:00,42.13499832,13.40299988,39.24399948,11.28499985,2.707999945,0.0,26.57749939
2016/7/1 18:00,42.72200012,13.98900032,39.37799835,11.60700035,2.707999945,0.0,26.57749939
2016/7/1 19:00,37.36100006,10.47099972,34.47200012,8.604999542,2.707999945,0.0,41.0
2016/7/1 20:00,41.13000107,12.64900017,37.76900101,10.40100002,2.707999945,0.0,26.13750076
2016/7/1 21:00,36.52299881,10.47099972,33.50699997,8.496999741,2.707999945,0.0,44.0
2016/7/1 22:00,36.10400009,10.38700008,34.12400055,9.006999969,2.707999945,0.0,25.91799927
2016/7/1 23:00,36.43899918,10.63899994,33.47999954,8.925999641,2.707999945,0.0,25.91799927
2016/7/2 0:00,35.60100174,11.47599983,33.69499969,9.890999794,1.534999967,0.0,25.91799927
2016/7/2 1:00,32.92100143,9.968000412,32.27399826,8.819000244,0.0,0.0,26.35750008
2016/7/2 2:00,31.32900047,9.550000191,30.34399986,8.496999741,0.0,0.0,26.13750076
2016/7/2 3:00,30.6590004,9.213999748,29.83499908,8.255999565,0.0,0.0,25.69849968
2016/7/2 4:00,30.82699966,9.130999565,29.75399971,8.015000343,1.215000033,0.0,25.69849968
2016/7/2 5:00,29.48600006,8.293000221,28.54800034,7.157000065,0.0,0.0,25.91799927
2016/7/2 6:00,30.07299995,7.454999924,28.68199921,6.111999989,1.289999962,0.0,25.91799927
2016/7/2 7:00,33.08800125,8.711999893,30.96100044,7.022999763,1.258000016,0.0,25.91799927
2016/7/2 8:00,34.09400177,8.87899971,31.54999924,7.397999763,2.483999968,0.0,25.47850037
2016/7/2 9:00,34.59600067,9.381999969,31.97900009,7.612999916,2.483999968,0.0,25.69799995
2016/7/2 10:00,29.82099915,8.125,27.50300026,6.620999813,2.483999968,0.0,25.91799927
2016/7/2 11:00,31.58099937,7.706999779,28.76300049,6.004000187,2.483999968,0.0,25.91799927
2016/7/2 12:00,30.57500076,7.203999996,27.95800018,5.789999962,2.483999968,0.0,26.13750076
2016/7/2 13:00,30.15600014,7.203999996,27.39500046,5.521999836,2.483999968,0.0,26.35750008
2016/7/2 14:00,29.31900024,6.449999809,26.40399933,4.879000187,2.483999968,0.0,26.57749939
2016/7/2 15:00,30.90999985,7.454999924,27.8239994,5.736000061,2.483999968,0.0,27.45599937
2016/7/2 16:00,32.33399963,8.711999893,28.36000061,6.620999813,3.881000042,1.225999951,27.6760006
2016/7/2 17:00,32.16699982,7.706999779,28.36000061,5.736000061,3.763000011,0.0,28.1154995
2016/7/2 18:00,31.83200073,7.539000034,28.95000076,5.789999962,3.753000021,0.0,28.55450058
2016/7/2 19:00,32.25099945,8.293000221,27.8239994,5.978000164,3.753000021,1.225999951,28.77449989
2016/7/2 20:00,31.91600037,7.539000034,27.42200089,5.388000011,5.043000221,1.236999989,29.6534996
2016/7/2 21:00,31.32900047,8.376999855,28.68199921,6.593999863,3.604000092,0.0,29.21349907
2016/7/2 22:00,36.10400009,9.550000191,32.51499939,7.157000065,4.882999897,1.588999987,27.89550018
2016/7/2 23:00,36.02000046,10.05200005,32.56900024,7.907999992,3.433000088,0.0,27.23649979
2016/7/3 0:00,36.35499954,9.968000412,32.51499939,7.827000141,3.433000088,0.0,47.0
2016/7/3 1:00,35.18299866,12.06299973,31.38999939,9.784000397,3.433000088,1.322000027,28.55450058
2016/7/3 2:00,36.85800171,11.22500038,32.67599869,8.791999817,3.433000088,1.236999989,28.55450058
2016/7/3 3:00,35.18299866,10.47099972,32.06000137,8.524000168,3.433000088,0.0,28.55450058
2016/7/3 4:00,32.16699982,8.87899971,28.70899963,6.915999889,3.433000088,0.0,28.1154995
2016/7/3 5:00,34.00999832,10.13599968,30.45100021,8.282999992,3.433000088,0.0,28.1154995
2016/7/3 6:00,34.17699814,10.22000027,32.30099869,8.899999619,1.98300004,0.0,27.89550018
2016/7/3 7:00,32.75299835,8.963000298,29.59399986,7.077000141,3.155999899,0.0,27.67550087
2016/7/3 8:00,32.41799927,8.87899971,29.40600014,7.130000114,3.155999899,0.0,27.23649979
2016/7/3 9:00,29.56999969,10.72200012,27.34199905,9.569999695,3.155999899,0.0,28.1154995
2016/7/3 10:00,34.51200104,12.06299973,30.98699951,9.998999596,3.155999899,0.0,28.77400017
2016/7/3 11:00,33.5909996,11.3920002,29.96899986,9.328000069,3.155999899,0.0,42.0
2016/7/3 12:00,35.51800156,12.81599998,32.03300095,10.72200012,3.155999899,0.0,45.0
2016/7/3 13:00,35.68500137,13.15200043,33.13199997,11.0710001,3.155999899,0.0,31.41150093
2016/7/3 14:00,33.84199905,12.48099995,30.61199951,10.40100002,3.01699996,0.0,31.41150093
2016/7/3 15:00,32.66999817,12.31400013,29.86199951,10.29300022,3.01699996,0.0,31.41150093
2016/7/3 16:00,34.09400177,12.31400013,31.06800079,10.29300022,3.01699996,0.0,32.50999832
2016/7/3 17:00,40.45999908,14.32400036,36.88499832,11.84799957,3.01699996,0.0,51.0
2016/7/3 18:00,40.29199982,13.65400028,37.04600143,11.5,3.01699996,0.0,32.94900131
2016/7/3 19:00,35.60100174,11.3920002,32.72999954,9.354999542,2.516000032,0.0,32.94900131
2016/7/3 20:00,37.36100006,11.64400005,34.09700012,9.48900032,3.923000097,0.0,31.85050011
2016/7/3 21:00,38.2820015,12.7329998,35.0890007,10.5880003,3.923000097,0.0,57.0
2016/7/3 22:00,38.19800186,13.06799984,34.36500168,10.56099987,3.923000097,1.246999979,46.0
2016/7/3 23:00,37.52799988,12.64900017,33.99000168,10.40100002,3.421999931,0.0,29.43350029
2016/7/4 0:00,36.43899918,13.15200043,33.99000168,10.98999977,3.325999975,0.0,52.0
2016/7/4 1:00,37.36100006,13.56999969,35.4640007,11.98200035,2.099999905,0.0,28.33499908
2016/7/4 2:00,31.24500084,10.22000027,29.35199928,8.819000244,1.940000057,0.0,28.77449989
2016/7/4 3:00,34.68000031,12.7329998,32.38100052,11.1239996,1.940000057,0.0,28.55500031
2016/7/4 4:00,31.16200066,11.56000042,29.13800049,9.595999718,1.91900003,0.0,28.55500031
2016/7/4 5:00,33.34000015,12.56499958,30.53199959,10.6420002,3.187999964,0.0,28.33499908
2016/7/4 6:00,38.19800186,13.82199955,34.71300125,11.66100025,3.187999964,0.0,27.89550018
2016/7/4 7:00,37.77899933,13.65400028,34.41899872,11.47299957,3.209000111,0.0,27.6760006
2016/7/4 8:00,33.84199905,9.465999603,31.63100052,8.203000069,1.962000012,0.0,35.0
2016/7/4 9:00,35.93600082,11.47599983,34.01599884,9.890999794,1.962000012,0.0,28.99399948
2016/7/4 10:00,35.01499939,10.05200005,32.89099884,8.416999817,1.962000012,0.0,30.9715004
2016/7/4 11:00,38.2820015,12.64900017,36.02700043,10.72200012,1.962000012,0.0,32.5094986
2016/7/4 12:00,41.9679985,13.65400028,39.67300034,11.74100018,1.962000012,0.0,35.14649963
2016/7/4 13:00,40.45999908,13.48700047,38.49300003,11.57999992,1.962000012,0.0,36.46500015
2016/7/4 14:00,38.78499985,13.06799984,36.75099945,11.17800045,1.962000012,0.0,37.78350067
2016/7/4 15:00,39.79000092,12.39799976,37.82300186,10.61499977,1.962000012,0.0,50.0
2016/7/4 16:00,38.86800003,12.48099995,36.77700043,10.48099995,1.962000012,0.0,36.90449905
2016/7/4 17:00,39.62200165,12.39799976,36.93799973,10.2130003,1.962000012,0.0,33.82799911
2016/7/4 18:00,43.97800064,13.48700047,40.28900146,10.77600002,3.187999964,0.0,32.94900131
2016/7/4 19:00,37.44400024,9.968000412,34.98199844,7.747000217,3.187999964,0.0,33.16899872
2016/7/4 20:00,40.29199982,11.97900009,36.02700043,9.11400032,4.370999813,1.31099999,32.72949982
2016/7/4 21:00,41.38100052,12.31400013,38.6269989,10.07900047,3.092000008,0.0,45.0
2016/7/4 22:00,36.52299881,9.800999641,33.2120018,7.69299984,4.455999851,0.0,31.63100052
2016/7/4 23:00,37.02500153,10.80599976,33.07799911,8.604999542,4.446000099,1.246999979,31.63100052
2016/7/5 0:00,35.51800156,10.22000027,32.30099869,8.444000244,3.209000111,0.0,31.41150093
2016/7/5 1:00,34.42900085,9.465999603,31.09499931,7.479000092,3.209000111,0.0,30.9715004
2016/7/5 2:00,35.60100174,10.38700008,32.19400024,8.550999641,3.220000029,0.0,30.53249931
2016/7/5 3:00,37.02500153,11.64400005,34.28499985,9.729999542,3.220000029,0.0,28.99399948
2016/7/5 4:00,33.50699997,9.717000008,30.82699966,7.960999966,2.984999895,0.0,28.77449989
2016/7/5 5:00,35.60100174,10.22000027,32.54199982,8.444000244,2.984999895,0.0,29.43350029
2016/7/5 6:00,39.5379982,12.31400013,36.18799973,10.18599987,2.974999905,0.0,30.09250069
2016/7/5 7:00,37.9469986,12.06299973,35.57099915,10.02499962,2.974999905,0.0,31.19149971
2016/7/5 8:00,36.35499954,9.968000412,33.40000153,7.960999966,2.974999905,0.0,31.63100052
2016/7/5 9:00,36.77399826,11.47599983,34.9280014,9.756999969,2.974999905,0.0,31.63100052
2016/7/5 10:00,38.11399841,11.3920002,36.10699844,9.729999542,2.974999905,0.0,33.38899994
2016/7/5 11:00,41.88399887,13.40299988,39.75299835,11.47299957,1.715999961,0.0,34.48749924
2016/7/5 12:00,42.13499832,13.56999969,40.50299835,11.66100025,1.715999961,0.0,54.0
2016/7/5 13:00,41.7159996,13.06799984,39.18999863,10.96399975,2.943000078,0.0,32.07049942
2016/7/5 14:00,39.37099838,11.56000042,36.24100113,9.48900032,2.943000078,0.0,30.9715004
2016/7/5 15:00,42.88899994,14.15699959,40.07500076,11.90200043,2.943000078,0.0,30.75200081
2016/7/5 16:00,39.11999893,12.81599998,36.24100113,10.66899967,2.943000078,0.0,51.0
2016/7/5 17:00,39.20299911,12.48099995,35.6780014,10.07900047,2.943000078,0.0,32.94900131
2016/7/5 18:00,40.54399872,13.31900024,36.75099945,10.82999992,4.210999966,0.0,47.0
2016/7/5 19:00,34.76399994,9.633000374,31.54999924,7.532000065,2.996000051,0.0,33.38899994
2016/7/5 20:00,37.19300079,11.72799969,33.07799911,9.515999794,4.254000187,1.246999979,33.38899994
2016/7/5 21:00,39.28699875,12.39799976,35.11600113,9.864999771,4.190000057,1.31099999,53.0
2016/7/5 22:00,36.35499954,11.81099987,33.9090004,9.890999794,2.974999905,0.0,33.16899872
2016/7/5 23:00,40.04100037,12.39799976,37.25999832,10.42700005,2.974999905,0.0,33.16899872
2016/7/6 0:00,37.44400024,11.47599983,34.44499969,9.43599987,2.974999905,0.0,33.16899872
2016/7/6 1:00,40.20899963,12.56499958,36.13399887,9.918000221,4.190000057,1.269000053,33.16899872
2016/7/6 2:00,38.44900131,11.97900009,35.54399872,9.918000221,2.815000057,0.0,32.94950104
2016/7/6 3:00,37.36100006,11.89500046,34.41899872,9.729999542,2.707999945,0.0,52.0
2016/7/6 4:00,38.78499985,11.89500046,34.76699829,9.595999718,2.707999945,0.0,32.72949982
2016/7/6 5:00,37.10900116,11.56000042,34.98199844,9.890999794,2.772000074,0.0,32.72949982
2016/7/6 6:00,39.5379982,12.39799976,35.40999985,9.81099987,3.986999989,1.215000033,32.72949982
2016/7/6 7:00,39.70600128,13.06799984,37.18000031,10.88300037,2.772000074,0.0,32.50999832
2016/7/6 8:00,36.43899918,10.72200012,32.8370018,8.524000168,2.772000074,0.0,52.0
2016/7/6 9:00,40.29199982,14.74300003,38.2519989,12.81299973,2.772000074,0.0,32.5094986
2016/7/6 10:00,35.76900101,11.22500038,32.32799911,9.248000145,2.772000074,0.0,32.72949982
2016/7/6 11:00,36.68999863,9.800999641,33.23899841,7.907999992,2.74000001,0.0,45.0
2016/7/6 12:00,36.60699844,10.97399998,34.25799942,9.381999969,2.74000001,0.0,34.48749924
2016/7/6 13:00,39.20299911,11.3920002,36.64300156,9.461999893,2.74000001,0.0,34.92649841
2016/7/6 14:00,38.61700058,10.72200012,35.59799957,8.604999542,2.74000001,0.0,35.36650085
2016/7/6 15:00,43.30799866,13.90499973,41.20000076,11.52600002,2.74000001,0.0,36.24549866
2016/7/6 16:00,46.57500076,15.1619997,43.02299881,12.35700035,2.74000001,0.0,33.82799911
2016/7/6 17:00,46.49100113,14.07299995,43.74700165,11.60700035,2.516000032,0.0,33.38850021
2016/7/6 18:00,48.33399963,14.24100018,43.72000122,10.98999977,3.785000086,1.246999979,33.82799911
2016/7/6 19:00,42.97299957,10.80599976,38.57300186,8.095000267,3.698999882,1.406999946,34.26750183
2016/7/6 20:00,46.90999985,13.06799984,42.24599838,9.890999794,3.816999912,1.279000044,32.94900131
2016/7/6 21:00,46.74300003,14.24100018,44.04199982,11.71399975,2.911000013,0.0,54.0
2016/7/6 22:00,43.81100082,12.89999962,39.13600159,9.81099987,4.125999928,1.258000016,42.0
2016/7/6 23:00,43.72700119,13.06799984,39.83300018,10.3739996,3.934000015,0.0,33.16899872
2016/7/7 0:00,40.04100037,11.97900009,37.01900101,9.704000473,3.934000015,0.0,33.60850143
2016/7/7 1:00,40.71099854,11.97900009,37.28699875,9.381999969,3.816999912,0.0,33.60850143
2016/7/7 2:00,41.2140007,12.22999954,38.01100159,9.918000221,2.270999908,0.0,33.60850143
2016/7/7 3:00,41.38100052,12.48099995,37.76900101,9.864999771,3.645999908,0.0,32.94950104
2016/7/7 4:00,39.11999893,11.64400005,36.29499817,9.515999794,3.645999908,0.0,32.94950104
2016/7/7 5:00,39.11999893,11.14099979,36.96500015,9.194000244,2.430999994,0.0,32.94950104
2016/7/7 6:00,42.80500031,12.7329998,40.31600189,10.56099987,2.430999994,0.0,33.16899872
2016/7/7 7:00,42.3030014,12.81599998,39.29700089,10.42700005,2.430999994,0.0,33.16899872
2016/7/7 8:00,38.53300095,10.80599976,36.40200043,9.006999969,2.430999994,0.0,33.60850143
2016/7/7 9:00,43.72700119,14.15699959,40.58399963,11.63399982,2.430999994,0.0,34.70700073
2016/7/7 10:00,38.44900131,9.465999603,35.625,7.585999966,2.355999947,0.0,35.80550003
2016/7/7 11:00,42.13499832,10.47099972,39.83300018,8.550999641,2.355999947,0.0,38.00299835
2016/7/7 12:00,44.06200027,12.56499958,41.54899979,10.02499962,2.398999929,0.0,41.0
2016/7/7 13:00,45.56999969,13.48700047,42.64799881,10.85599995,2.25999999,0.0,43.27600098
2016/7/7 14:00,44.39699936,14.49199963,40.98600006,11.63399982,3.486000061,0.0,48.11000061
2016/7/7 15:00,42.88899994,12.7329998,39.75299835,10.05200005,3.453999996,0.0,49.86800003
2016/7/7 16:00,45.15100098,16.33499908,42.45999908,12.51799965,2.227999926,0.0,48.98899841
2016/7/7 17:00,49.00400162,15.91600037,45.43600082,12.76000023,3.507999897,0.0,40.0
2016/7/7 18:00,48.75299835,14.57600021,44.8730011,11.52600002,3.507999897,0.0,43.71549988
2016/7/7 19:00,42.21900177,10.47099972,39.72600174,8.496999741,2.25999999,0.0,55.0
2016/7/7 20:00,46.15599823,12.89999962,42.11199951,10.07900047,3.496999979,0.0,41.29899979
2016/7/7 21:00,50.00899887,14.6590004,45.86500168,11.20499992,3.753000021,1.236999989,51.0
2016/7/7 22:00,46.82600021,14.74300003,44.41699982,12.22299957,2.579999924,0.0,39.32149887
2016/7/7 23:00,45.23500061,13.90499973,43.02299881,11.71399975,2.664999962,0.0,38.88150024
2016/7/8 0:00,44.73199844,13.90499973,42.43399811,11.74100018,1.31099999,0.0,38.22299957
2016/7/8 1:00,41.79999924,12.56499958,40.85200119,10.93700027,0.0,0.0,46.0
2016/7/8 2:00,43.14099884,12.98400021,40.02099991,10.23999977,2.559000015,0.0,37.56349945
2016/7/8 3:00,41.7159996,12.56499958,39.61899948,10.05200005,2.559000015,0.0,37.12400055
2016/7/8 4:00,40.79499817,12.31400013,38.59999847,10.45400047,1.962000012,0.0,36.68450165
2016/7/8 5:00,38.78499985,11.14099979,36.80400085,9.461999893,1.950999975,0.0,36.24549866
2016/7/8 6:00,40.29199982,11.47599983,37.50099945,9.543000221,1.950999975,0.0,36.24549866
2016/7/8 7:00,42.13499832,12.89999962,40.39599991,10.77600002,1.215000033,0.0,36.46500015
2016/7/8 8:00,41.7159996,11.89500046,39.72600174,9.838000298,2.430999994,0.0,37.78300095
2016/7/8 9:00,42.38700104,14.40799999,41.38800049,12.6260004,0.0,0.0,39.10150146
2016/7/8 10:00,47.4129982,15.58100033,44.73899841,12.89400005,2.505000114,0.0,40.85950089
2016/7/8 11:00,52.43899918,17.9260006,50.8769989,15.01099968,2.505000114,0.0,43.05649948
2016/7/8 12:00,49.50699997,16.0,47.47299957,13.18799973,1.258000016,0.0,44.59500122
2016/7/8 13:00,50.00899887,16.08300018,47.68700027,13.3760004,2.483999968,0.0,45.69350052
2016/7/8 14:00,48.08300018,16.08300018,45.89099884,13.34899998,2.494999886,0.0,49.0
2016/7/8 15:00,51.01499939,17.67499924,48.73300171,14.58199978,2.494999886,0.0,48.54999924
2016/7/8 16:00,50.93099976,17.9260006,48.7859993,14.79699993,2.494999886,0.0,47.01200104
2016/7/8 17:00,50.76300049,17.42399979,48.09000015,14.3409996,2.494999886,0.0,46.35250092
2016/7/8 18:00,51.60100174,16.92099953,49.67100143,13.88500023,1.279000044,0.0,45.25400162
2016/7/8 19:00,45.06700134,13.15200043,43.80099869,10.93700027,1.332999945,0.0,43.9355011
2016/7/8 20:00,47.32899857,13.06799984,45.97200012,11.0710001,1.215000033,0.0,42.61700058
2016/7/8 21:00,52.27099991,16.92099953,50.55599976,14.07299995,1.215000033,0.0,41.29899979
2016/7/8 22:00,50.26100159,16.33499908,48.09000015,13.51000023,2.430999994,0.0,40.41999817
2016/7/8 23:00,47.49599838,14.91100025,45.7840004,12.33100033,2.430999994,0.0,39.98049927
2016/7/9 0:00,44.81600189,13.98900032,42.35300064,11.63399982,2.430999994,0.0,39.32149887
2016/7/9 1:00,44.06200027,13.98900032,41.76300049,11.84799957,1.43900001,0.0,38.66199875
2016/7/9 2:00,43.05699921,13.48700047,42.11199951,11.76799965,0.0,0.0,38.22249985
2016/7/9 3:00,43.72700119,13.82199955,41.14699936,11.47299957,1.246999979,0.0,37.56349945
2016/7/9 4:00,42.97299957,13.56999969,41.22700119,11.63399982,1.246999979,0.0,37.12400055
2016/7/9 5:00,41.54899979,12.81599998,40.45000076,11.0170002,0.0,0.0,36.68450165
2016/7/9 6:00,42.21900177,13.15200043,41.38800049,11.47299957,0.0,0.0,36.46500015
2016/7/9 7:00,42.80500031,13.65400028,41.70999908,12.06299973,0.0,0.0,36.46500015
2016/7/9 8:00,40.79499817,11.89500046,38.76100159,10.02499962,1.269000053,0.0,37.56349945
2016/7/9 9:00,43.47600174,13.40299988,42.16500092,11.66100025,0.0,0.0,38.22249985
2016/7/9 10:00,47.91500092,15.58100033,45.27500153,12.6789999,2.463000059,0.0,39.54100037
2016/7/9 11:00,50.59600067,16.58600044,48.62599945,13.4829998,2.463000059,0.0,42.0
2016/7/9 12:00,51.43399811,16.75399971,49.10800171,13.9119997,2.463000059,0.0,42.8370018
2016/7/9 13:00,49.92599869,16.33499908,48.67900085,13.9119997,2.463000059,0.0,52.0
2016/7/9 14:00,50.76300049,16.58600044,47.875,13.5909996,2.52699995,0.0,42.61700058
2016/7/9 15:00,49.50699997,17.0890007,47.44599915,14.15299988,2.52699995,0.0,43.49599838
2016/7/9 16:00,51.43399811,21.02599907,48.73300171,17.74500084,2.52699995,0.0,44.1554985
2016/7/9 17:00,52.10400009,20.77400017,49.61700058,17.42399979,2.52699995,0.0,43.05649948
2016/7/9 18:00,47.66400146,17.00499916,45.19400024,14.39500046,2.52699995,0.0,42.17750168
2016/7/9 19:00,46.4070015,16.41900063,44.68500137,13.83199978,3.197999954,0.0,41.29899979
2016/7/9 20:00,47.24499893,17.67499924,45.46300125,14.93099976,1.225999951,0.0,40.63949966
2016/7/9 21:00,47.4129982,16.16699982,45.65000153,13.4829998,2.463000059,0.0,40.41999817
2016/7/9 22:00,47.91500092,18.51300049,45.73099899,15.38700008,2.463000059,1.236999989,40.20050049
2016/7/9 23:00,47.24499893,17.9260006,44.60499954,14.98400021,2.463000059,0.0,39.76050186
2016/7/10 0:00,44.39699936,16.75399971,41.49499893,13.9119997,2.463000059,0.0,57.0
2016/7/10 1:00,43.05699921,15.58100033,40.36899948,12.78600025,2.463000059,0.0,38.88150024
2016/7/10 2:00,41.63299942,14.82699966,39.13600159,12.33100033,2.463000059,0.0,38.44250107
2016/7/10 3:00,41.04600143,14.99400043,38.76100159,12.76000023,2.463000059,0.0,38.00299835
2016/7/10 4:00,39.11999893,14.32400036,35.75899887,11.8210001,2.463000059,0.0,37.56349945
2016/7/10 5:00,40.37599945,14.6590004,37.42100143,12.46500015,2.463000059,0.0,36.68450165
2016/7/10 6:00,41.46500015,14.91100025,38.0909996,12.49100018,2.463000059,0.0,36.68450165
2016/7/10 7:00,39.62200165,14.24100018,37.44800186,12.3039999,1.353999972,0.0,36.68450165
2016/7/10 8:00,37.44400024,13.06799984,34.98199844,11.1239996,1.353999972,0.0,45.0
2016/7/10 9:00,42.72200012,15.74800014,40.18199921,13.34899998,2.611999989,0.0,36.0
2016/7/10 10:00,42.80500031,14.82699966,40.7179985,12.51799965,2.611999989,0.0,37.78350067
2016/7/10 11:00,46.82600021,15.24600029,44.01499939,12.54500008,2.601000071,0.0,37.56349945
2016/7/10 12:00,45.65399933,16.41900063,44.4980011,14.26099968,1.343000054,0.0,39.10150146
2016/7/10 13:00,48.08300018,17.84300041,45.75699997,15.03800011,2.463000059,0.0,39.98049927
2016/7/10 14:00,48.66899872,19.01499939,46.66899872,16.40500069,1.31099999,0.0,58.0
2016/7/10 15:00,49.3390007,19.2670002,47.125,16.19099998,2.52699995,0.0,41.73849869
2016/7/10 16:00,49.00400162,18.01000023,46.90999985,15.52099991,2.52699995,0.0,42.61700058
2016/7/10 17:00,51.76900101,18.76399994,49.32300186,15.78899956,2.52699995,0.0,41.95800018
2016/7/10 18:00,52.60599899,18.76399994,49.64400101,15.62800026,2.52699995,0.0,38.0
2016/7/10 19:00,46.0719986,14.99400043,44.22900009,12.49100018,2.52699995,0.0,46.0
2016/7/10 20:00,50.93099976,18.51300049,48.38399887,15.52099991,2.707999945,0.0,40.20050049
2016/7/10 21:00,54.86800003,20.3560009,51.30599976,16.64599991,2.707999945,0.0,39.76050186
2016/7/10 22:00,49.17200089,17.9260006,46.9640007,15.14500046,2.707999945,0.0,39.32149887
2016/7/10 23:00,49.42300034,18.26099968,46.05199814,15.01099968,2.707999945,0.0,39.10150146
2016/7/11 0:00,45.98899841,16.92099953,43.80099869,14.36800003,2.451999903,0.0,38.88150024
2016/7/11 1:00,44.73199844,16.41900063,42.4070015,14.07299995,2.451999903,0.0,38.44250107
2016/7/11 2:00,42.80500031,15.83199978,41.89699936,13.77799988,1.258000016,0.0,38.00299835
2016/7/11 3:00,43.64300156,16.16699982,41.81700134,13.80500031,1.225999951,0.0,37.56349945
2016/7/11 4:00,40.6269989,14.91100025,39.5379982,13.13500023,1.225999951,0.0,37.34400177
2016/7/11 5:00,42.80500031,15.74800014,40.77199936,13.67099953,1.396999955,0.0,34.0
2016/7/11 6:00,43.05699921,15.07800007,41.60300064,12.94699955,1.215000033,0.0,47.0
2016/7/11 7:00,42.38700104,16.16699982,41.17399979,13.88500023,1.215000033,0.0,37.12400055
2016/7/11 8:00,41.63299942,15.1619997,40.52999878,13.18799973,1.225999951,0.0,35.58599854
2016/7/11 9:00,41.63299942,14.57600021,40.45000076,12.89400005,0.0,0.0,34.48749924
2016/7/11 10:00,39.0359993,11.22500038,37.55500031,9.595999718,1.269000053,0.0,35.36650085
2016/7/11 11:00,41.54899979,11.64400005,40.20899963,9.890999794,1.236999989,0.0,34.92649841
2016/7/11 12:00,42.80500031,13.06799984,41.68299866,11.3920002,0.0,0.0,46.0
2016/7/11 13:00,46.90999985,17.9260006,45.91799927,15.65499973,0.0,0.0,52.0
2016/7/11 14:00,49.08800125,18.51300049,47.875,16.21699905,1.225999951,0.0,40.41999817
2016/7/11 15:00,48.5019989,19.01499939,47.04399872,16.37800026,1.225999951,0.0,41.07949829
2016/7/11 16:00,50.51200104,19.60199928,49.24200058,16.86100006,1.300999999,0.0,42.8370018
2016/7/11 17:00,52.35499954,19.43400002,50.85100174,16.67300034,1.36500001,0.0,54.0
2016/7/11 18:00,51.34999847,18.68000031,49.56399918,16.00300026,1.225999951,0.0,41.51850128
2016/7/11 19:00,45.90499878,15.74800014,43.77399826,13.45600033,2.494999886,0.0,40.41999817
2016/7/11 20:00,49.75799942,17.34000015,47.125,14.74300003,2.494999886,0.0,39.32149887
2016/7/11 21:00,47.32899857,16.58600044,45.0340004,13.85900021,2.494999886,0.0,38.88150024
2016/7/11 22:00,48.08300018,17.75900078,45.00699997,14.74300003,2.494999886,0.0,38.44250107
2016/7/11 23:00,46.49100113,16.92099953,44.4980011,14.3409996,2.494999886,0.0,38.44250107
2016/7/12 0:00,46.32400131,16.75399971,43.10400009,14.10000038,2.494999886,0.0,38.44250107
2016/7/12 1:00,43.97800064,16.08300018,40.69100189,13.45600033,2.559000015,0.0,38.22249985
2016/7/12 2:00,43.05699921,14.99400043,41.06600189,13.1079998,1.289999962,0.0,38.00299835
2016/7/12 3:00,42.80500031,15.66499996,39.61899948,13.1079998,2.622999907,0.0,37.78350067
2016/7/12 4:00,44.14599991,16.83699989,41.17399979,14.20699978,2.622999907,0.0,37.56349945
2016/7/12 5:00,40.29199982,15.24600029,38.2519989,13.08100033,2.622999907,0.0,49.0
2016/7/12 6:00,43.22399902,15.83199978,40.26200104,13.32199955,2.622999907,0.0,37.12400055
2016/7/12 7:00,41.63299942,14.82699966,39.32400131,12.94699955,1.215000033,0.0,34.0
2016/7/12 8:00,38.36600113,12.56499958,37.28699875,10.90999985,1.215000033,0.0,37.56349945
2016/7/12 9:00,44.56499863,15.66499996,43.47900009,13.64400005,0.0,0.0,44.0
2016/7/12 10:00,44.81600189,14.6590004,43.61299896,12.70600033,1.215000033,0.0,41.73799896
2016/7/12 11:00,50.59600067,17.67499924,49.50999832,15.33300018,0.0,0.0,44.1554985
2016/7/12 12:00,47.91500092,16.75399971,46.93700027,14.50199986,0.0,0.0,46.57249832
2016/7/12 13:00,47.91500092,16.83699989,45.75699997,14.07299995,1.246999979,0.0,47.01150131
2016/7/12 14:00,51.51699829,18.93199921,49.77799988,16.19099998,2.483999968,0.0,49.42900085
2016/7/12 15:00,51.34999847,18.93199921,49.18899918,16.05699921,1.225999951,0.0,49.20899963
2016/7/12 16:00,50.34500122,17.75900078,47.84799957,14.7159996,2.440999985,0.0,47.45100021
2016/7/12 17:00,53.19300079,19.01499939,50.74300003,15.70800018,2.440999985,0.0,47.01150131
2016/7/12 18:00,51.43399811,17.0890007,49.32300186,14.39500046,2.440999985,0.0,46.35250092
2016/7/12 19:00,48.33399963,15.1619997,45.59700012,12.46500015,2.440999985,0.0,45.25400162
2016/7/12 20:00,54.02999878,18.42900085,51.30599976,15.14500046,2.505000114,0.0,43.71549988
2016/7/12 21:00,50.93099976,17.42399979,47.5530014,14.10000038,2.505000114,0.0,42.39749908
2016/7/12 22:00,51.43399811,17.9260006,48.38399887,14.85000038,2.505000114,0.0,41.95800018
2016/7/12 23:00,45.15100098,15.07800007,43.1570015,12.7329998,2.505000114,0.0,41.51850128
2016/7/13 0:00,46.49100113,16.67000008,44.3370018,14.23400021,1.332999945,0.0,41.07949829
2016/7/13 1:00,46.24000168,16.58600044,43.53300095,13.99300003,2.835999966,0.0,40.41999817
2016/7/13 2:00,43.30799866,15.1619997,40.18199921,12.57199955,2.835999966,0.0,40.20050049
2016/7/13 3:00,42.38700104,15.41300011,39.37799835,13.13500023,2.611999989,0.0,39.76050186
2016/7/13 4:00,42.88899994,15.91600037,40.61100006,13.64400005,2.611999989,0.0,39.32149887
2016/7/13 5:00,40.96300125,14.6590004,38.73400116,12.84000015,1.269000053,0.0,38.88150024
2016/7/13 6:00,41.9679985,15.07800007,41.22700119,13.3760004,0.0,0.0,38.88150024
2016/7/13 7:00,41.38100052,14.74300003,40.28900146,13.08100033,1.225999951,0.0,38.88150024
2016/7/13 8:00,41.29800034,13.98900032,39.64599991,12.11600018,1.215000033,0.0,38.88150024
2016/7/13 9:00,48.08300018,16.50200081,45.38199997,13.80500031,2.430999994,0.0,40.41999817
2016/7/13 10:00,43.22399902,12.22999954,41.49499893,10.2130003,1.215000033,0.0,41.29899979
2016/7/13 11:00,48.33399963,13.56999969,45.6230011,10.85599995,2.430999994,0.0,41.51850128
2016/7/13 12:00,44.81600189,13.40299988,44.14899826,11.63399982,0.0,0.0,39.0
2016/7/13 13:00,48.91999817,15.74800014,47.79499817,13.56400013,1.225999951,0.0,38.66249847
2016/7/13 14:00,50.00899887,16.67000008,49.02799988,14.3409996,0.0,0.0,41.73849869
2016/7/13 15:00,49.42300034,16.58600044,46.74900055,13.72500038,2.430999994,0.0,44.8144989
2016/7/13 16:00,49.5909996,17.0890007,47.23199844,14.07299995,2.430999994,0.0,44.1554985
2016/7/13 17:00,51.43399811,16.67000008,48.91999817,13.69799995,2.430999994,0.0,50.0
2016/7/13 18:00,54.11399841,19.2670002,51.01100159,15.81499958,3.645999908,1.279000044,43.71549988
2016/7/13 19:00,48.91999817,16.67000008,47.3390007,13.85900021,2.121999979,0.0,43.2765007
2016/7/13 20:00,51.85200119,17.9260006,49.13499832,14.98400021,2.121999979,0.0,42.83649826
2016/7/13 21:00,50.84700012,17.84300041,49.53699875,15.09200001,0.0,0.0,42.1780014
2016/7/13 22:00,50.51200104,18.01000023,47.125,14.85000038,2.750999928,0.0,37.12400055
2016/7/13 23:00,45.90499878,16.33499908,44.38999939,14.15299988,1.534999967,0.0,37.34400177
2016/7/14 0:00,46.4070015,16.58600044,44.01499939,13.9119997,2.494999886,0.0,37.78300095
2016/7/14 1:00,45.23500061,15.49699974,42.00500107,12.70600033,2.494999886,0.0,37.78300095
2016/7/14 2:00,44.22900009,15.41300011,41.60300064,13.1079998,2.494999886,0.0,46.0
2016/7/14 3:00,42.47000122,14.82699966,39.77999878,12.46500015,2.494999886,0.0,38.00299835
2016/7/14 4:00,42.21900177,14.91100025,40.39599991,13.08100033,1.258000016,0.0,37.56349945
2016/7/14 5:00,44.73199844,15.58100033,41.60300064,12.89400005,2.494999886,0.0,37.34349823
2016/7/14 6:00,40.87900162,13.23499966,38.14500046,10.98999977,2.697000027,0.0,35.36650085
2016/7/14 7:00,43.05699921,14.40799999,40.82500076,12.43799973,2.697000027,0.0,40.0
2016/7/14 8:00,39.62200165,12.22999954,38.94900131,10.7489996,0.0,0.0,36.68450165
2016/7/14 9:00,42.97299957,13.98900032,42.29899979,12.08899975,0.0,0.0,37.78300095
2016/7/14 10:00,44.98300171,13.82199955,43.88100052,11.9289999,1.225999951,0.0,38.66199875
2016/7/14 11:00,49.08800125,16.58600044,47.5,13.93900013,1.269000053,0.0,39.54100037
2016/7/14 12:00,48.41799927,15.41300011,46.53499985,13.08100033,1.269000053,0.0,41.07949829
2016/7/14 13:00,47.32899857,14.91100025,44.97999954,12.35700035,1.269000053,0.0,42.39749908
2016/7/14 14:00,48.5019989,16.25099945,46.85599899,13.64400005,2.579999924,0.0,42.83649826
2016/7/14 15:00,48.41799927,16.16699982,46.85599899,13.83199978,2.579999924,0.0,43.49599838
2016/7/14 16:00,50.76300049,17.50799942,48.5719986,14.85000038,2.494999886,0.0,43.05649948
2016/7/14 17:00,52.10400009,18.26099968,50.31399918,15.33300018,2.494999886,0.0,40.63949966
2016/7/14 18:00,45.90499878,14.99400043,43.69300079,12.57199955,2.440999985,0.0,35.58599854
2016/7/14 19:00,45.06700134,13.82199955,44.04199982,12.00899982,1.215000033,0.0,52.0
2016/7/14 20:00,46.24000168,14.49199963,43.85400009,12.06299973,2.664999962,0.0,33.60850143
2016/7/14 21:00,48.8370018,17.00499916,47.125,14.36800003,2.664999962,0.0,33.60850143
2016/7/14 22:00,47.1609993,15.91600037,44.09500122,13.26900005,2.664999962,0.0,32.94900131
2016/7/14 23:00,45.82099915,15.74800014,43.90800095,13.51000023,2.505000114,0.0,33.16899872
2016/7/15 0:00,40.96300125,14.07299995,39.48500061,11.95499992,2.505000114,0.0,33.38899994
2016/7/15 1:00,41.9679985,13.65400028,39.75299835,11.8210001,2.505000114,0.0,34.04800034
2016/7/15 2:00,40.96300125,12.98400021,38.6269989,10.85599995,2.505000114,0.0,34.48699951
2016/7/15 3:00,40.20899963,13.40299988,39.11000061,11.74100018,0.0,0.0,34.48699951
2016/7/15 4:00,40.79499817,13.56999969,38.43899918,11.36600018,2.536999941,0.0,34.48699951
2016/7/15 5:00,40.79499817,13.23499966,38.57300186,10.98999977,2.536999941,0.0,35.14649963
2016/7/15 6:00,43.39199829,14.07299995,40.28900146,11.68700027,2.536999941,0.0,35.14649963
2016/7/15 7:00,45.23500061,16.67000008,43.02299881,13.93900013,2.815000057,0.0,36.02550125
2016/7/15 8:00,41.04600143,13.56999969,39.51200104,11.68700027,1.215000033,0.0,37.78350067
2016/7/15 9:00,49.75799942,17.9260006,47.47299957,15.27900028,2.463000059,0.0,39.98049927
2016/7/15 10:00,48.8370018,17.34000015,47.7140007,14.85000038,1.215000033,0.0,51.0
2016/7/15 11:00,51.09799957,17.5909996,48.9469986,14.55599976,2.494999886,0.0,43.05649948
2016/7/15 12:00,51.60100174,18.1779995,49.43000031,15.01099968,2.494999886,0.0,55.0
2016/7/15 13:00,48.66899872,17.34000015,47.52700043,14.93099976,0.0,0.0,42.61700058
2016/7/15 14:00,51.51699829,18.93199921,50.39500046,16.35199928,1.225999951,0.0,42.83649826
2016/7/15 15:00,48.8370018,19.68499947,47.58000183,17.10199928,1.215000033,0.0,43.2765007
2016/7/15 16:00,45.31800079,17.17200089,44.06900024,14.95800018,1.215000033,0.0,37.56349945
2016/7/15 17:00,46.6590004,17.42399979,45.65000153,15.14500046,1.31099999,0.0,37.56349945
2016/7/15 18:00,47.07799911,16.25099945,44.25600052,13.3760004,2.536999941,0.0,34.70700073
2016/7/15 19:00,43.05699921,13.48700047,40.3429985,11.25800037,2.536999941,0.0,34.04800034
2016/7/15 20:00,45.06700134,15.32999992,42.94300079,12.86699963,1.567000031,0.0,33.38850021
2016/7/15 21:00,45.56999969,15.74800014,42.86199951,13.08100033,2.815000057,0.0,33.38850021
2016/7/15 22:00,45.73699951,16.50200081,43.88100052,13.72500038,2.815000057,0.0,33.82799911
2016/7/15 23:00,47.32899857,18.42900085,44.73899841,15.68099976,2.632999897,0.0,33.38850021
2016/7/16 0:00,45.23500061,17.50799942,43.1570015,15.14500046,2.632999897,0.0,33.60800171
2016/7/16 1:00,43.47600174,16.58600044,41.73699951,14.42099953,1.674000025,0.0,33.60800171
2016/7/16 2:00,38.53300095,13.15200043,36.66999817,11.3920002,1.300999999,0.0,33.38850021
2016/7/16 3:00,41.46500015,15.91600037,39.61899948,13.61699963,2.536999941,0.0,33.16899872
2016/7/16 4:00,44.81600189,17.42399979,41.92399979,14.79699993,2.536999941,0.0,32.94950104
2016/7/16 5:00,40.6269989,14.40799999,38.01100159,12.19699955,2.47300005,0.0,32.94950104
2016/7/16 6:00,41.29800034,14.6590004,39.18999863,12.7329998,2.47300005,0.0,32.5094986
2016/7/16 7:00,40.6269989,14.32400036,39.1629982,12.51799965,2.47300005,0.0,32.50999832
2016/7/16 8:00,30.90999985,10.47099972,29.08399963,8.953000069,1.246999979,0.0,34.26750183
2016/7/16 9:00,31.32900047,9.968000412,29.32500076,8.336999893,2.47300005,0.0,36.46450043
2016/7/16 10:00,32.8370018,9.633000374,31.06800079,8.229000092,1.258000016,0.0,36.0
2016/7/16 11:00,31.74799919,8.87899971,29.94199944,7.397999763,2.516000032,0.0,45.0
2016/7/16 12:00,30.49200058,8.293000221,28.89699936,6.835000038,1.279000044,0.0,38.22249985
2016/7/16 13:00,30.6590004,8.795999527,28.97699928,7.31799984,2.505000114,0.0,38.22249985
2016/7/16 14:00,29.48600006,8.376999855,28.44099998,7.263999939,0.0,0.0,38.22249985
2016/7/16 15:00,31.66399956,9.046999931,29.78100014,7.71999979,1.514000058,0.0,39.98049927
2016/7/16 16:00,33.08800125,9.717000008,31.25600052,8.524000168,1.396999955,0.0,42.17750168
2016/7/16 17:00,34.00999832,10.30300045,31.9260006,8.362999916,2.611999989,0.0,40.85950089
2016/7/16 18:00,34.17699814,9.298000336,31.46999931,7.612999916,2.782999992,0.0,39.76050186
2016/7/16 19:00,34.26100159,9.717000008,31.38999939,7.800000191,2.878999949,0.0,38.44250107
2016/7/16 20:00,35.93600082,10.13599968,33.31999969,8.390000343,2.632999897,0.0,36.68450165
2016/7/16 21:00,35.09899902,9.968000412,32.56900024,8.041999817,2.664999962,0.0,35.36650085
2016/7/16 22:00,33.5909996,9.885000229,31.63100052,8.149000168,2.569000006,0.0,34.0
2016/7/16 23:00,32.5019989,8.711999893,29.80800056,7.022999763,2.676000118,0.0,34.04750061
2016/7/17 0:00,34.26100159,11.81099987,32.86399841,10.02499962,2.676000118,0.0,33.60850143
2016/7/17 1:00,36.35499954,11.89500046,34.28499985,9.918000221,2.664999962,0.0,33.16899872
2016/7/17 2:00,35.26599884,12.39799976,33.2120018,10.07900047,2.772000074,0.0,33.16899872
2016/7/17 3:00,35.09899902,12.31400013,32.9980011,10.42700005,1.31099999,0.0,32.94950104
2016/7/17 4:00,41.38100052,14.49199963,38.59999847,11.875,2.548000097,0.0,32.94950104
2016/7/17 5:00,44.31299973,16.16699982,42.11199951,13.77799988,1.215000033,0.0,32.94950104
2016/7/17 6:00,43.64300156,15.32999992,41.68299866,13.13500023,2.440999985,0.0,44.0
2016/7/17 7:00,43.97800064,15.74800014,42.56800079,13.85900021,2.440999985,0.0,33.60850143
2016/7/17 8:00,35.93600082,10.47099972,33.80199814,8.630999565,2.440999985,0.0,35.14649963
2016/7/17 9:00,39.70600128,12.39799976,36.88499832,9.998999596,2.440999985,0.0,37.78300095
2016/7/17 10:00,50.51200104,18.42900085,47.92900085,15.43999958,2.440999985,0.0,42.0
2016/7/17 11:00,51.68500137,18.01000023,48.86700058,14.74300003,2.440999985,0.0,42.39749908
2016/7/17 12:00,45.98899841,14.07299995,44.3370018,12.06299973,1.279000044,0.0,43.05649948
2016/7/17 13:00,49.50699997,17.42399979,47.84799957,14.26099968,2.494999886,0.0,45.25400162
2016/7/17 14:00,47.7480011,16.16699982,46.34700012,13.85900021,2.494999886,0.0,47.45149994
2016/7/17 15:00,47.7480011,16.58600044,45.7840004,14.15299988,1.225999951,0.0,48.54999924
2016/7/17 16:00,49.25600052,17.25600052,47.15100098,14.36800003,1.225999951,0.0,47.89099884
2016/7/17 17:00,48.58499908,16.33499908,47.28499985,14.10000038,1.236999989,0.0,45.9129982
2016/7/17 18:00,47.07799911,15.32999992,45.46300125,12.70600033,1.246999979,0.0,44.375
2016/7/17 19:00,47.49599838,15.49699974,44.76599884,12.81299973,2.463000059,0.0,43.27600098
2016/7/17 20:00,47.1609993,15.24600029,44.68500137,12.38399982,2.463000059,0.0,41.95800018
2016/7/17 21:00,50.0929985,16.50200081,47.5530014,13.69799995,2.463000059,0.0,40.63949966
2016/7/17 22:00,49.92599869,17.9260006,47.5,14.82400036,2.463000059,0.0,40.20050049
2016/7/17 23:00,48.8370018,17.5909996,45.83800125,14.82400036,2.463000059,0.0,39.76050186
2016/7/18 0:00,45.48600006,15.66499996,42.16500092,12.78600025,2.463000059,0.0,38.0
2016/7/18 1:00,44.81600189,16.16699982,42.56800079,13.64400005,2.463000059,0.0,39.32149887
2016/7/18 2:00,44.39699936,16.25099945,41.17399979,13.4829998,2.59100008,0.0,38.88150024
2016/7/18 3:00,40.96300125,14.74300003,39.56499863,12.86699963,2.59100008,0.0,38.88150024
2016/7/18 4:00,43.64300156,15.66499996,40.28900146,13.0010004,2.52699995,0.0,38.44250107
2016/7/18 5:00,42.97299957,15.24600029,40.61100006,13.08100033,2.52699995,0.0,38.00299835
2016/7/18 6:00,45.06700134,16.33499908,42.94300079,13.7510004,2.52699995,0.0,37.78300095
2016/7/18 7:00,44.81600189,16.33499908,42.97000122,13.93900013,2.52699995,0.0,38.00299835
2016/7/18 8:00,38.78499985,12.14599991,37.90299988,10.45400047,0.0,0.0,38.88150024
2016/7/18 9:00,44.56499863,15.58100033,43.02299881,13.40299988,1.417999983,0.0,39.54100037
2016/7/18 10:00,44.39699936,14.57600021,43.42499924,12.51799965,0.0,0.0,40.85950089
2016/7/18 11:00,47.32899857,15.1619997,46.02500153,13.0010004,1.225999951,0.0,43.9355011
2016/7/18 12:00,51.68500137,18.09399986,51.01100159,15.60099983,0.0,0.0,45.9129982
2016/7/18 13:00,51.76900101,18.93199921,50.77000046,16.35199928,0.0,0.0,43.49599838
2016/7/18 14:00,50.93099976,19.93700027,49.56399918,17.20899963,1.225999951,0.0,42.83649826
2016/7/18 15:00,46.6590004,17.0890007,45.46300125,14.58199978,1.215000033,0.0,42.17750168
2016/7/18 16:00,52.10400009,19.93700027,50.58200073,16.96800041,1.236999989,0.0,43.2765007
2016/7/18 17:00,52.02000046,19.18300056,50.68999863,16.37800026,1.246999979,0.0,44.1554985
2016/7/18 18:00,53.61100006,19.2670002,51.4129982,16.19099998,2.569000006,0.0,44.5945015
2016/7/18 19:00,49.5909996,16.41900063,46.83000183,13.18799973,2.569000006,0.0,43.49599838
2016/7/18 20:00,49.84199905,16.16699982,47.5530014,13.34899998,2.536999941,0.0,42.39749908
2016/7/18 21:00,53.10900116,18.76399994,49.80500031,15.33300018,2.536999941,0.0,41.29899979
2016/7/18 22:00,50.26100159,17.67499924,47.44599915,14.74300003,2.47300005,0.0,40.63949966
2016/7/18 23:00,49.25600052,17.50799942,46.13299942,14.18000031,2.632999897,0.0,40.20050049
2016/7/19 0:00,44.81600189,15.74800014,42.32600021,13.29599953,2.632999897,0.0,47.0
2016/7/19 1:00,44.48099899,16.0,42.56800079,13.40299988,2.632999897,0.0,34.0
2016/7/19 2:00,43.39199829,15.58100033,41.30799866,13.21500015,2.632999897,0.0,38.88150024
2016/7/19 3:00,45.40200043,16.25099945,42.21900177,13.3760004,2.632999897,0.0,38.44250107
2016/7/19 4:00,41.9679985,15.24600029,39.48500061,13.0539999,2.559000015,0.0,38.22299957
2016/7/19 5:00,45.90499878,17.42399979,43.07699966,14.60900021,2.559000015,0.0,38.00299835
2016/7/19 6:00,45.65399933,16.16699982,42.43399811,13.1619997,2.559000015,0.0,54.0
2016/7/19 7:00,43.72700119,15.41300011,41.28099823,12.76000023,2.559000015,0.0,38.00299835
2016/7/19 8:00,39.95700073,12.31400013,38.54700089,10.40100002,1.343000054,0.0,39.10150146
2016/7/19 9:00,47.24499893,17.00499916,45.75699997,14.50199986,1.343000054,0.0,40.85950089
2016/7/19 10:00,43.89400101,13.40299988,42.62099838,11.33899975,1.343000054,0.0,42.61750031
2016/7/19 11:00,49.08800125,16.33499908,47.74100113,13.85900021,1.343000054,0.0,41.95800018
2016/7/19 12:00,48.16699982,16.58600044,46.93700027,14.15299988,1.236999989,0.0,41.95800018
2016/7/19 13:00,51.34999847,17.9260006,49.48300171,15.38700008,1.269000053,0.0,46.0
2016/7/19 14:00,48.75299835,17.42399979,47.68700027,15.14500046,1.269000053,0.0,41.29899979
2016/7/19 15:00,43.64300156,17.17200089,42.32600021,14.74300003,1.269000053,0.0,41.73799896
2016/7/19 16:00,48.5019989,18.09399986,46.21300125,15.49400043,1.269000053,0.0,44.0
2016/7/19 17:00,49.67399979,18.34499931,47.6609993,15.68099976,1.269000053,0.0,43.05649948
2016/7/19 18:00,49.3390007,15.58100033,47.23199844,13.02799988,2.483999968,0.0,42.39749908
2016/7/19 19:00,44.06200027,12.98400021,41.4679985,10.40100002,3.698999882,0.0,41.95800018
2016/7/19 20:00,46.32400131,13.40299988,43.31800079,10.7489996,2.47300005,0.0,41.51850128
2016/7/19 21:00,52.77399826,17.84300041,49.32300186,14.20699978,2.47300005,0.0,41.07899857
2016/7/19 22:00,48.16699982,15.83199978,46.07899857,13.18799973,2.47300005,0.0,40.63999939
2016/7/19 23:00,42.97299957,13.82199955,40.74499893,11.33899975,2.47300005,0.0,40.20000076
2016/7/20 0:00,39.87400055,12.7329998,37.98400116,10.72200012,2.47300005,0.0,40.20000076
2016/7/20 1:00,40.79499817,11.72799969,38.33200073,9.43599987,2.47300005,0.0,39.76100159
2016/7/20 2:00,41.46500015,13.40299988,38.84199905,10.90999985,2.47300005,0.0,38.88199997
2016/7/20 3:00,40.20899963,11.89500046,38.4659996,10.10599995,1.236999989,0.0,38.88199997
2016/7/20 4:00,40.79499817,13.40299988,38.52000046,11.04399967,2.451999903,0.0,38.66199875
2016/7/20 5:00,40.04100037,12.98400021,39.21699905,11.28499985,0.0,0.0,38.44250107
2016/7/20 6:00,40.71099854,12.48099995,39.72600174,10.7489996,1.246999979,0.0,52.0
2016/7/20 7:00,43.05699921,13.98900032,40.52999878,11.74100018,2.451999903,0.0,38.44250107
2016/7/20 8:00,40.79499817,12.98400021,39.45800018,11.0710001,1.236999989,0.0,38.0
2016/7/20 9:00,44.22900009,15.91600037,42.75500107,13.69799995,1.215000033,0.0,40.85950089
2016/7/20 10:00,43.39199829,12.98400021,41.62900162,10.96399975,1.215000033,0.0,43.71549988
2016/7/20 11:00,47.91500092,15.41300011,46.74900055,13.1619997,1.225999951,0.0,46.79199982
2016/7/20 12:00,50.51200104,16.50200081,49.67100143,14.20699978,0.0,0.0,47.23149872
2016/7/20 13:00,51.93600082,17.75900078,49.99300003,14.79699993,2.430999994,0.0,46.35250092
2016/7/20 14:00,50.59600067,17.42399979,48.16999817,14.44799995,2.430999994,0.0,46.79199982
2016/7/20 15:00,47.83200073,15.49699974,44.92599869,12.51799965,2.430999994,0.0,47.23149872
2016/7/20 16:00,53.27600098,18.09399986,50.63600159,15.06499958,2.430999994,0.0,47.23149872
2016/7/20 17:00,53.61100006,19.09900093,51.14500046,15.84200001,2.430999994,0.0,46.13249969
2016/7/20 18:00,51.34999847,17.9260006,49.16199875,15.03800011,2.430999994,0.0,45.0340004
2016/7/20 19:00,51.09799957,16.92099953,48.59899902,13.85900021,2.430999994,0.0,43.9355011
2016/7/20 20:00,56.37599945,19.51799965,53.66500092,15.68099976,2.430999994,0.0,43.49599838
2016/7/20 21:00,57.46500015,21.27700043,54.81800079,17.20899963,3.688999891,0.0,43.05649948
2016/7/20 22:00,55.37099838,20.27199936,52.70000076,16.78000069,2.335000038,0.0,43.05649948
2016/7/20 23:00,51.93600082,18.51300049,50.20700073,15.33300018,2.335000038,0.0,53.0
2016/7/21 0:00,49.50699997,17.9260006,47.68700027,15.03800011,2.335000038,0.0,42.83649826
2016/7/21 1:00,48.75299835,17.00499916,45.6230011,13.88500023,2.335000038,0.0,42.1780014
2016/7/21 2:00,47.91500092,17.00499916,44.73899841,13.85900021,2.335000038,0.0,41.73799896
2016/7/21 3:00,43.72700119,14.6590004,40.58399963,12.22299957,2.47300005,0.0,41.29899979
2016/7/21 4:00,47.32899857,17.34000015,45.27500153,14.85000038,2.47300005,0.0,40.63949966
2016/7/21 5:00,47.07799911,17.50799942,45.06000137,14.79699993,1.503000021,0.0,40.20050049
2016/7/21 6:00,47.99900055,17.67499924,45.91799927,15.06499958,1.236999989,0.0,48.0
2016/7/21 7:00,47.49599838,17.17200089,45.16799927,14.36800003,1.236999989,0.0,39.98049927
2016/7/21 8:00,41.46500015,13.48700047,40.28900146,11.76799965,0.0,0.0,41.51850128
2016/7/21 9:00,49.00400162,16.92099953,47.68700027,14.66300011,1.386000037,0.0,43.9355011
2016/7/21 10:00,47.24499893,15.07800007,45.97200012,13.08100033,1.246999979,0.0,46.13299942
2016/7/21 11:00,51.18199921,17.0890007,50.20700073,14.60900021,1.225999951,0.0,48.76950073
2016/7/21 12:00,55.5379982,19.2670002,54.01399994,15.89599991,0.0,0.0,50.08800125
2016/7/21 13:00,53.52799988,18.01000023,52.16400146,15.35999966,0.0,0.0,51.40650177
2016/7/21 14:00,52.94100189,17.5909996,51.81600189,14.79699993,1.225999951,0.0,51.62599945
2016/7/21 15:00,50.59600067,16.50200081,49.34899902,13.7510004,1.236999989,0.0,52.50500107
2016/7/21 16:00,54.19800186,18.1779995,53.20899963,15.43999958,0.0,0.0,52.28499985
2016/7/21 17:00,53.69499969,17.75900078,52.37799835,15.09200001,1.31099999,0.0,51.0
2016/7/21 18:00,50.34500122,16.0,48.54499817,13.08100033,2.632999897,0.0,48.98899841
2016/7/21 19:00,45.82099915,13.90499973,43.07699966,11.31200027,2.536999941,0.0,47.89049911
2016/7/21 20:00,47.58000183,14.15699959,45.35499954,11.3920002,2.548000097,0.0,67.0
2016/7/21 21:00,55.0359993,16.58600044,52.40499878,13.24199963,2.548000097,0.0,45.03450012
2016/7/21 22:00,53.69499969,17.5909996,50.58200073,14.2869997,2.548000097,0.0,44.375
2016/7/21 23:00,51.09799957,16.25099945,48.22399902,13.13500023,2.548000097,0.0,43.9355011
2016/7/22 0:00,48.75299835,16.33499908,47.23199844,13.83199978,1.332999945,0.0,43.49599838
2016/7/22 1:00,49.08800125,16.50200081,46.61500168,13.3760004,2.622999907,0.0,56.0
2016/7/22 2:00,48.41799927,16.25099945,45.89099884,13.21500015,2.622999907,0.0,42.39749908
2016/7/22 3:00,45.82099915,15.91600037,43.02299881,13.0539999,2.622999907,0.0,42.1780014
2016/7/22 4:00,43.55899811,14.74300003,41.38800049,12.46500015,2.687000036,0.0,41.95800018
2016/7/22 5:00,45.56999969,15.66499996,42.64799881,12.86699963,2.687000036,0.0,41.29899979
2016/7/22 6:00,43.22399902,13.23499966,41.60300064,11.20499992,1.833999991,0.0,40.85950089
2016/7/22 7:00,42.3030014,14.24100018,40.26200104,12.22299957,1.833999991,0.0,40.85950089
2016/7/22 8:00,42.88899994,14.40799999,41.84400177,12.65200043,1.236999989,0.0,53.0
2016/7/22 9:00,49.92599869,17.9260006,48.67900085,15.68099976,1.279000044,0.0,44.375
2016/7/22 10:00,47.83200073,14.74300003,46.37400055,12.70600033,1.279000044,0.0,46.35250092
2016/7/22 11:00,52.94100189,17.17200089,51.73500061,14.55599976,1.225999951,0.0,49.42850113
2016/7/22 12:00,54.86800003,18.01000023,53.88000107,15.35999966,0.0,0.0,50.52750015
2016/7/22 13:00,56.79499817,18.84799957,55.35400009,15.81499958,1.215000033,0.0,52.28499985
2016/7/22 14:00,53.36000061,18.26099968,51.73500061,14.82400036,1.215000033,0.0,54.04299927
2016/7/22 15:00,56.20800018,19.35000038,54.81800079,16.19099998,1.215000033,0.0,49.0
2016/7/22 16:00,54.70000076,18.93199921,53.55799866,15.94900036,1.225999951,0.0,54.48199844
2016/7/22 17:00,56.125,19.43400002,54.14799881,15.92300034,1.215000033,0.0,52.0
2016/7/22 18:00,56.9620018,18.93199921,55.4070015,15.84200001,1.215000033,0.0,51.18650055
2016/7/22 19:00,52.77399826,15.91600037,50.77000046,13.0539999,1.215000033,0.0,49.64849854
2016/7/22 20:00,60.14500046,19.51799965,56.9090004,15.46700001,2.536999941,0.0,47.89049911
2016/7/22 21:00,58.05099869,18.1779995,54.87099838,14.47500038,2.536999941,0.0,47.01200104
2016/7/22 22:00,58.97299957,19.60199928,57.6590004,16.19099998,1.567000031,0.0,46.13299942
2016/7/22 23:00,53.52799988,17.50799942,50.74300003,14.12699986,2.963999987,0.0,45.69350052
2016/7/23 0:00,53.86299896,17.9260006,51.36000061,14.68999958,2.494999886,0.0,44.8144989
2016/7/23 1:00,50.34500122,16.0,49.00099945,13.56400013,2.494999886,0.0,44.1554985
2016/7/23 2:00,48.75299835,15.91600037,46.21300125,12.92000008,2.494999886,0.0,43.2765007
2016/7/23 3:00,45.56999969,14.07299995,43.74700165,11.8210001,1.279000044,0.0,42.61700058
2016/7/23 4:00,47.1609993,15.41300011,44.81900024,12.84000015,2.505000114,0.0,41.51850128
2016/7/23 5:00,45.31800079,14.6590004,43.47900009,12.38399982,1.269000053,0.0,41.07949829
2016/7/23 6:00,46.57500076,15.74800014,44.22900009,13.1619997,2.483999968,0.0,40.20050049
2016/7/23 7:00,42.72200012,14.49199963,41.41500092,12.27700043,1.236999989,0.0,40.41999817
2016/7/23 8:00,45.98899841,14.82699966,44.65800095,12.6260004,1.236999989,0.0,42.39749908
2016/7/23 9:00,53.69499969,18.01000023,51.14500046,14.55599976,2.451999903,0.0,44.59500122
2016/7/23 10:00,58.38600159,21.02599907,55.97000122,17.26300049,2.451999903,0.0,47.23149872
2016/7/23 11:00,59.47499847,21.61199951,56.61399841,17.50399971,2.451999903,0.0,50.74700165
2016/7/23 12:00,60.14500046,20.27199936,57.92699814,16.62000084,1.289999962,0.0,52.72449875
2016/7/23 13:00,60.39699936,21.19300079,58.59700012,17.07500076,2.59100008,0.0,36.0
2016/7/23 14:00,60.39699936,21.44499969,58.40999985,17.66500092,1.396999955,0.0,55.58100128
2016/7/23 15:00,60.98300171,22.70100021,58.81200027,18.17399979,2.611999989,1.246999979,45.0
2016/7/23 16:00,60.81600189,21.78000069,58.51699829,17.74500084,1.386000037,0.0,54.70199966
2016/7/23 17:00,59.72700119,21.52799988,57.57899857,17.18199921,2.601000071,1.215000033,52.72449875
2016/7/23 18:00,57.54899979,19.68499947,54.87099838,16.03000069,2.601000071,0.0,51.62599945
2016/7/23 19:00,52.60599899,15.41300011,50.31399918,12.38399982,2.601000071,0.0,50.30749893
2016/7/23 20:00,56.6269989,17.5909996,53.88000107,13.9659996,2.601000071,0.0,48.76950073
2016/7/23 21:00,62.32300186,21.11000061,59.5890007,17.04800034,2.601000071,0.0,42.0
2016/7/23 22:00,60.89899826,20.69099998,57.63199997,16.29800034,2.601000071,1.31099999,46.5719986
2016/7/23 23:00,58.72100067,20.27199936,55.38100052,15.94900036,2.622999907,1.215000033,42.0
2016/7/24 0:00,53.52799988,18.09399986,51.25299835,15.03800011,2.622999907,0.0,39.0
2016/7/24 1:00,52.68999863,18.01000023,50.98500061,15.17199993,1.215000033,0.0,44.5945015
2016/7/24 2:00,52.85800171,18.01000023,49.99300003,14.50199986,2.707999945,0.0,43.71549988
2016/7/24 3:00,51.09799957,17.9260006,49.88499832,15.27900028,1.215000033,0.0,43.2765007
2016/7/24 4:00,52.94100189,18.34499931,49.40299988,14.85000038,2.569000006,0.0,42.61700058
2016/7/24 5:00,51.68500137,18.1779995,49.26900101,15.27900028,2.697000027,0.0,33.0
2016/7/24 6:00,50.76300049,18.42900085,48.14300156,14.90400028,2.697000027,1.215000033,41.51850128
2016/7/24 7:00,41.88399887,13.65400028,40.74499893,11.84799957,1.258000016,0.0,41.73799896
2016/7/24 8:00,46.24000168,14.82699966,44.81900024,12.57199955,1.322000027,0.0,43.7159996
2016/7/24 9:00,53.86299896,17.75900078,51.95000076,14.60900021,1.322000027,0.0,46.13299942
2016/7/24 10:00,55.45399857,18.26099968,53.10200119,15.19900036,1.322000027,0.0,48.54949951
2016/7/24 11:00,56.6269989,18.42900085,54.22800064,15.11800003,2.536999941,0.0,33.0
2016/7/24 12:00,59.39099884,19.09900093,57.17699814,15.76200008,2.440999985,0.0,52.94400024
2016/7/24 13:00,60.98300171,19.60199928,57.84700012,15.81499958,2.440999985,0.0,54.70199966
2016/7/24 14:00,58.38600159,18.26099968,55.48799896,14.63599968,2.440999985,0.0,54.0
2016/7/24 15:00,58.21900177,19.2670002,56.34600067,15.35999966,1.246999979,0.0,57.7784996
2016/7/24 16:00,58.72100067,19.2670002,56.50699997,15.89599991,2.47300005,0.0,56.45999908
2016/7/24 17:00,51.93600082,15.58100033,49.50999832,12.41100025,2.463000059,0.0,54.26300049
2016/7/24 18:00,56.125,16.83699989,53.85300064,13.4829998,2.463000059,0.0,52.94400024
2016/7/24 19:00,54.02999878,16.16699982,52.05699921,13.13500023,2.463000059,0.0,51.18650055
2016/7/24 20:00,60.14500046,19.09900093,57.36399841,15.14500046,2.463000059,0.0,44.0
2016/7/24 21:00,58.21900177,17.67499924,56.07799911,14.12699986,2.463000059,0.0,48.33000183
2016/7/24 22:00,62.49100113,21.02599907,59.64300156,16.11000061,3.688999891,1.225999951,37.0
2016/7/24 23:00,57.29700089,19.18300056,55.48799896,15.57400036,2.355999947,0.0,47.23149872
2016/7/25 0:00,57.13000107,19.68499947,53.82600021,15.57400036,3.572000027,1.31099999,46.35250092
2016/7/25 1:00,49.42300034,16.25099945,48.35800171,13.5909996,1.769999981,0.0,45.91350174
2016/7/25 2:00,52.94100189,16.75399971,49.40299988,12.97399998,3.059999943,1.246999979,45.03450012
2016/7/25 3:00,51.68500137,17.42399979,50.82400131,14.82400036,1.343000054,0.0,44.1554985
2016/7/25 4:00,50.34500122,16.83699989,47.6609993,13.83199978,3.006999969,0.0,43.71549988
2016/7/25 5:00,49.5909996,16.92099953,48.1969986,14.42099953,0.0,0.0,42.83649826
2016/7/25 6:00,51.09799957,17.34000015,48.73300171,14.36800003,2.52699995,0.0,42.83649826
2016/7/25 7:00,41.88399887,12.98400021,40.69100189,10.98999977,1.748000026,0.0,43.05649948
2016/7/25 8:00,45.90499878,14.57600021,45.19400024,12.65200043,0.0,0.0,35.0
2016/7/25 9:00,54.11399841,19.09900093,52.64599991,16.19099998,1.343000054,0.0,46.35250092
2016/7/25 10:00,53.86299896,16.58600044,52.35200119,13.77799988,1.215000033,0.0,48.98949814
2016/7/25 11:00,61.82099915,21.78000069,60.31299973,18.04000092,1.215000033,0.0,38.0
2016/7/25 12:00,60.81600189,19.60199928,59.40200043,16.43199921,0.0,0.0,54.48249817
2016/7/25 13:00,59.13999939,18.42900085,57.68600082,15.30599976,1.246999979,0.0,55.36100006
2016/7/25 14:00,59.30799866,19.93700027,57.79299927,16.45899963,1.246999979,0.0,57.11949921
2016/7/25 15:00,48.16699982,13.65400028,47.1780014,11.31200027,0.0,0.0,58.4375
2016/7/25 16:00,52.85800171,17.25600052,51.81600189,14.63599968,0.0,0.0,56.8995018
2016/7/25 17:00,52.10400009,16.08300018,50.52899933,13.08100033,1.300999999,0.0,54.26300049
2016/7/25 18:00,54.95199966,17.75900078,52.80699921,14.68999958,1.300999999,0.0,52.94400024
2016/7/25 19:00,49.5909996,13.48700047,48.35800171,11.41899967,1.375,0.0,51.18650055
2016/7/25 20:00,57.88399887,17.42399979,55.4070015,13.5909996,2.664999962,0.0,38.0
2016/7/25 21:00,60.81600189,19.35000038,58.0340004,15.17199993,2.451999903,0.0,47.67050171
2016/7/25 22:00,56.37599945,17.84300041,54.17399979,14.3409996,2.440999985,0.0,50.0
2016/7/25 23:00,55.0359993,17.17200089,51.84199905,13.29599953,3.677999973,1.577999949,40.0
2016/7/26 0:00,54.95199966,18.09399986,52.19100189,14.85000038,2.463000059,0.0,45.4734993
2016/7/26 1:00,54.86800003,18.68000031,51.73500061,14.82400036,3.677999973,1.375,44.5945015
2016/7/26 2:00,52.77399826,17.9260006,50.2879982,14.98400021,2.420000076,0.0,43.71549988
2016/7/26 3:00,51.43399811,17.50799942,49.61700058,14.58199978,2.154000044,0.0,43.2765007
