

数据集: concrete
------------------------------------------------------------
变量名                 | concrete.. |     cement | blast_fu.. |    fly_ash |      water | superpla.. | coarse_a.. | fine_agg.. |        age
----------------------------------------------------------------------------------------------------------------------------------------
concrete_compressi.. |   1.000000 |   0.497832 |   0.134829 |  -0.105755 |  -0.289633 |   0.366079 |  -0.164935 |  -0.167241 |   0.328873
cement               |   0.497832 |   1.000000 |  -0.275216 |  -0.397467 |  -0.081587 |   0.092386 |  -0.109349 |  -0.222718 |   0.081946
blast_furnace_slag   |   0.134829 |  -0.275216 |   1.000000 |  -0.323580 |   0.107252 |   0.043270 |  -0.283999 |  -0.281603 |  -0.044246
fly_ash              |  -0.105755 |  -0.397467 |  -0.323580 |   1.000000 |  -0.256984 |   0.377503 |  -0.009961 |   0.079108 |  -0.154371
water                |  -0.289633 |  -0.081587 |   0.107252 |  -0.256984 |   1.000000 |  -0.657533 |  -0.182294 |  -0.450661 |   0.277618
superplasticizer     |   0.366079 |   0.092386 |   0.043270 |   0.377503 |  -0.657533 |   1.000000 |  -0.265999 |   0.222691 |  -0.192700
coarse_aggregate     |  -0.164935 |  -0.109349 |  -0.283999 |  -0.009961 |  -0.182294 |  -0.265999 |   1.000000 |  -0.178481 |  -0.003016
fine_aggregate       |  -0.167241 |  -0.222718 |  -0.281603 |   0.079108 |  -0.450661 |   0.222691 |  -0.178481 |   1.000000 |  -0.156095
age                  |   0.328873 |   0.081946 |  -0.044246 |  -0.154371 |   0.277618 |  -0.192700 |  -0.003016 |  -0.156095 |   1.000000

相关性统计摘要:
  相关系数平均值: -0.074
  相关系数标准差: 0.251
  最大相关系数: 0.498
  最小相关系数: -0.658
======================================================================



数据集: CCPP
------------------------------------------------------------
变量名                 |         PE |         AT |          V |         AP |         RH
------------------------------------------------------------------------------------
PE                   |   1.000000 |  -0.947984 |  -0.871219 |   0.509149 |   0.378362
AT                   |  -0.947984 |   1.000000 |   0.846775 |  -0.489874 |  -0.539037
V                    |  -0.871219 |   0.846775 |   1.000000 |  -0.401468 |  -0.304208
AP                   |   0.509149 |  -0.489874 |  -0.401468 |   1.000000 |   0.075492
RH                   |   0.378362 |  -0.539037 |  -0.304208 |   0.075492 |   1.000000

相关性统计摘要:
  相关系数平均值: -0.174
  相关系数标准差: 0.571
  最大相关系数: 0.847
  最小相关系数: -0.948
======================================================================



数据集: AirfoilSelfNoise
------------------------------------------------------------
变量名                 |       SSPL |          f |      alpha |          c | U_infinity |      delta
-------------------------------------------------------------------------------------------------
SSPL                 |   1.000000 |  -0.390711 |  -0.156108 |  -0.236162 |   0.125103 |  -0.312670
f                    |  -0.390711 |   1.000000 |  -0.272765 |  -0.003661 |   0.133664 |  -0.230107
alpha                |  -0.156108 |  -0.272765 |   1.000000 |  -0.504868 |   0.058760 |   0.753394
c                    |  -0.236162 |  -0.003661 |  -0.504868 |   1.000000 |   0.003787 |  -0.220842
U_infinity           |   0.125103 |   0.133664 |   0.058760 |   0.003787 |   1.000000 |  -0.003974
delta                |  -0.312670 |  -0.230107 |   0.753394 |  -0.220842 |  -0.003974 |   1.000000

相关性统计摘要:
  相关系数平均值: -0.084
  相关系数标准差: 0.290
  最大相关系数: 0.753
  最小相关系数: -0.505
======================================================================



数据集: Abalone
------------------------------------------------------------
变量名                 |      Rings |        Sex |     Length |   Diameter |     Height | Whole_we.. | Shucked_.. | Viscera_.. | Shell_we..
----------------------------------------------------------------------------------------------------------------------------------------
Rings                |   1.000000 |  -0.068962 |   0.684233 |   0.687613 |   0.694078 |   0.667680 |   0.575418 |   0.621763 |   0.706726
Sex                  |  -0.068962 |   1.000000 |  -0.099201 |  -0.102704 |  -0.080061 |  -0.072799 |  -0.070338 |  -0.086298 |  -0.066026
Length               |   0.684233 |  -0.099201 |   1.000000 |   0.989663 |   0.904516 |   0.925457 |   0.906052 |   0.909453 |   0.890019
Diameter             |   0.687613 |  -0.102704 |   0.989663 |   1.000000 |   0.908790 |   0.929134 |   0.910320 |   0.909067 |   0.894962
Height               |   0.694078 |  -0.080061 |   0.904516 |   0.908790 |   1.000000 |   0.874353 |   0.830690 |   0.856951 |   0.860156
Whole_weight         |   0.667680 |  -0.072799 |   0.925457 |   0.929134 |   0.874353 |   1.000000 |   0.971235 |   0.959141 |   0.960764
Shucked_weight       |   0.575418 |  -0.070338 |   0.906052 |   0.910320 |   0.830690 |   0.971235 |   1.000000 |   0.933478 |   0.893440
Viscera_weight       |   0.621763 |  -0.086298 |   0.909453 |   0.909067 |   0.856951 |   0.959141 |   0.933478 |   1.000000 |   0.897835
Shell_weight         |   0.706726 |  -0.066026 |   0.890019 |   0.894962 |   0.860156 |   0.960764 |   0.893440 |   0.897835 |   1.000000

相关性统计摘要:
  相关系数平均值: 0.642
  相关系数标准差: 0.399
  最大相关系数: 0.990
  最小相关系数: -0.103
======================================================================



数据集: ParisHousing
------------------------------------------------------------
变量名                 |      price | squareMe.. | numberOf.. |    hasYard |    hasPool |     floors |   cityCode | cityPart.. | numPrevO.. |       made | isNewBuilt | hasStorm.. |   basement |      attic |     garage | hasStora.. | hasGuest..
------------------------------------------------------------------------------------------------------------------------------------------------------------------------------------------------------------------------------------------------
price                |   1.000000 |   0.999999 |  -0.011458 |  -0.014906 |   0.002332 |  -0.006058 |   0.003125 |   0.008202 |  -0.004708 |   0.047573 |  -0.048053 |   0.040878 |   0.051259 |   0.036214 |  -0.019422 |   0.023258 |  -0.026802
squareMeters         |   0.999999 |   1.000000 |  -0.011407 |  -0.015442 |   0.001789 |  -0.006594 |   0.003111 |   0.008142 |  -0.004719 |   0.047564 |  -0.048106 |   0.040860 |   0.051284 |   0.036258 |  -0.019365 |   0.023282 |  -0.026790
numberOfRooms        |  -0.011458 |  -0.011407 |   1.000000 |  -0.058526 |  -0.037804 |   0.028535 |   0.037129 |  -0.004098 |   0.050561 |  -0.010875 |   0.025808 |   0.015706 |  -0.035132 |   0.045625 |  -0.017115 |  -0.003911 |   0.007720
hasYard              |  -0.014906 |  -0.015442 |  -0.058526 |   1.000000 |  -0.001209 |  -0.003806 |   0.026980 |  -0.010149 |   0.042173 |   0.035073 |   0.017576 |  -0.024185 |   0.001920 |  -0.035673 |  -0.027676 |  -0.028482 |  -0.025904
hasPool              |   0.002332 |   0.001789 |  -0.037804 |  -0.001209 |   1.000000 |  -0.011424 |  -0.000398 |  -0.026102 |  -0.005942 |  -0.018634 |   0.005062 |  -0.001562 |  -0.019661 |  -0.024527 |  -0.075603 |   0.015164 |  -0.012630
floors               |  -0.006058 |  -0.006594 |   0.028535 |  -0.003806 |  -0.011424 |   1.000000 |   0.001954 |   0.064650 |   0.001188 |   0.045105 |  -0.011076 |   0.016217 |  -0.036459 |   0.024286 |   0.029715 |  -0.002918 |  -0.021518
cityCode             |   0.003125 |   0.003111 |   0.037129 |   0.026980 |  -0.000398 |   0.001954 |   1.000000 |  -0.023025 |  -0.050281 |   0.029983 |  -0.032753 |  -0.006157 |   0.003653 |  -0.039159 |  -0.052535 |  -0.043593 |  -0.006164
cityPartRange        |   0.008202 |   0.008142 |  -0.004098 |  -0.010149 |  -0.026102 |   0.064650 |  -0.023025 |   1.000000 |   0.000717 |   0.015501 |   0.007769 |   0.037354 |  -0.030791 |   0.034046 |  -0.002429 |   0.013743 |   0.048803
numPrevOwners        |  -0.004708 |  -0.004719 |   0.050561 |   0.042173 |  -0.005942 |   0.001188 |  -0.050281 |   0.000717 |   1.000000 |  -0.018215 |  -0.012622 |  -0.053858 |   0.011206 |   0.032499 |   0.019137 |   0.064734 |  -0.010963
made                 |   0.047573 |   0.047564 |  -0.010875 |   0.035073 |  -0.018634 |   0.045105 |   0.029983 |   0.015501 |  -0.018215 |   1.000000 |  -0.025118 |   0.066932 |   0.036783 |   0.050949 |  -0.019179 |  -0.025452 |  -0.005247
isNewBuilt           |  -0.048053 |  -0.048106 |   0.025808 |   0.017576 |   0.005062 |  -0.011076 |  -0.032753 |   0.007769 |  -0.012622 |  -0.025118 |   1.000000 |  -0.034252 |  -0.048486 |   0.047643 |   0.005713 |   0.017387 |   0.035589
hasStormProtector    |   0.040878 |   0.040860 |   0.015706 |  -0.024185 |  -0.001562 |   0.016217 |  -0.006157 |   0.037354 |  -0.053858 |   0.066932 |  -0.034252 |   1.000000 |  -0.022920 |  -0.024947 |  -0.004506 |  -0.016266 |   0.001925
basement             |   0.051259 |   0.051284 |  -0.035132 |   0.001920 |  -0.019661 |  -0.036459 |   0.003653 |  -0.030791 |   0.011206 |   0.036783 |  -0.048486 |  -0.022920 |   1.000000 |   0.037906 |   0.030443 |  -0.007347 |  -0.065221
attic                |   0.036214 |   0.036258 |   0.045625 |  -0.035673 |  -0.024527 |   0.024286 |  -0.039159 |   0.034046 |   0.032499 |   0.050949 |   0.047643 |  -0.024947 |   0.037906 |   1.000000 |  -0.000771 |  -0.002680 |   0.045083
garage               |  -0.019422 |  -0.019365 |  -0.017115 |  -0.027676 |  -0.075603 |   0.029715 |  -0.052535 |  -0.002429 |   0.019137 |  -0.019179 |   0.005713 |  -0.004506 |   0.030443 |  -0.000771 |   1.000000 |   0.040977 |  -0.012245
hasStorageRoom       |   0.023258 |   0.023282 |  -0.003911 |  -0.028482 |   0.015164 |  -0.002918 |  -0.043593 |   0.013743 |   0.064734 |  -0.025452 |   0.017387 |  -0.016266 |  -0.007347 |  -0.002680 |   0.040977 |   1.000000 |  -0.035224
hasGuestRoom         |  -0.026802 |  -0.026790 |   0.007720 |  -0.025904 |  -0.012630 |  -0.021518 |  -0.006164 |   0.048803 |  -0.010963 |  -0.005247 |   0.035589 |   0.001925 |  -0.065221 |   0.045083 |  -0.012245 |  -0.035224 |   1.000000

相关性统计摘要:
  相关系数平均值: 0.008
  相关系数标准差: 0.091
  最大相关系数: 1.000
  最小相关系数: -0.076
======================================================================
