V1,V2,V3,V4,V5,V6,V7,V8,V9
Q1,6790.643698,6598.952202,6608.527173,6765.914014,6992.949003,6931.539,7161.240869,6981.304105
Q2,6789.359277171867,6789.414723,6895.838545,7050.508939,7155.206969,7075.445,7373.832383,7339.981903
Q3,7188.893596,6986.3304,7025.162033,7066.270724,7129.545542,7079.719,7242.259002,7043.345329
Q4,7679.102564,7483.094657,7510.21238,7600.148193,7714.39801,7677.571,7922.636157,7707.159526
Q5,1150.0,995.0,1083.0,1465.0,1079.0,948.0,1298.0,1763.0
Q6,9761.3,9808.8,9912.1,9985.6,10009.8,9980.3,10102.6,10168.4
Q7,3345.6,3378.1,3376.1,3389.1,3421.6,3409.3,3433.6,3452.9
Q8,3872.769329817552,2622.7,2656.9,2695.4,2669.3,2676.7,2750.0,2778.7
Q9,2455.9,2468.4,2483.6,2508.1,2506.4,2503.8,2527.0,2528.8
Q10,4618.025778953364,2538.0,2567.1,2563.8,2562.0,2551.1,2569.9,2581.8
Q11,1158.3,1153.0,1160.9,1145.8,1169.3,1156.0,1156.2,1156.1
Q12,4594.692504573629,3097.0,3256.0,3385.0,3264.0,2977.0,3349.0,3657.0
Q13,4828.322602921004,1787.0,1814.6,1818.9,1850.7,1846.3,1848.1,1854.0
Q14,6161.4235841684595,12420.0,12630.0,12560.0,13660.0,12180.0,12600.0,12800.0
Q15,1415.0,1322.0,1276.0,1463.0,1260.0,1281.0,1510.0,1497.0
Q16,4296.1922266161755,2344.0,2226.0,2417.0,2321.0,2224.0,2329.0,2423.0
Q17,4258.4528558478105,2505.6,2462.6,2501.0,2547.8,2528.8,2553.9,2547.1
Q18,4702.5258839805,5013.0,5200.0,5202.0,4724.0,4933.0,4979.0,4868.0
Q19,5576.0,5652.0,5862.0,5916.0,5762.0,5860.0,6212.0,6187.0
Q20,6286.0,6368.0,6414.0,6531.0,6555.0,6432.0,6504.0,6596.0
Q21,9547.0,9720.0,9905.0,10123.0,9862.0,9957.0,10302.0,10331.0
Q22,5090.0,5374.0,5365.0,5335.0,5372.0,5396.0,5351.0,5433.0
Q23,5367.782153291007,5936.1,6063.8,6197.4,6101.3,6063.9,6204.5,6310.4
Q24,4432.883910823629,2317.9,2360.1,2402.7,2367.3,2348.4,2371.2,2383.9
Q25,4753.067720108504,1365.2,1387.6,1412.4,1392.4,1400.0,1384.0,1400.0
Q26,7880.0,7310.0,7780.0,9370.0,7940.0,7040.0,8980.0,9900.0
Q27,5480.498532001211,9279.0,9395.0,9567.0,9295.0,9287.0,9535.0,9526.0
Q28,5080.0,4910.0,4970.0,5170.0,5430.0,5110.0,5050.0,5100.0
Q29,1980.0,1960.0,1870.0,1850.0,1910.0,2050.0,1960.0,1990.0
Q30,4370.44434101175,3180.0,3120.0,3110.0,3140.0,3230.0,3160.0,3160.0
Q31,3801.197280868843,2510.0,2530.0,2530.0,2630.0,2580.0,2570.0,2620.0
Q32,4830.0,4780.0,4590.0,4750.0,4640.0,5000.0,4890.0,4940.0
Q33,8270.0,8470.0,8350.0,8370.0,8590.0,8590.0,8650.0,8740.0
Q34,5475.202048484614,7360.0,7210.0,7390.0,7430.0,7370.0,7530.0,7580.0
Q35,10120.0,10390.0,10580.0,10200.0,10380.0,10750.0,10630.0,10600.0
Q36,9150.0,8930.0,9160.0,9270.0,9300.0,9530.0,9280.0,9340.0
Q37,4750.0,4480.0,4590.0,4830.0,5060.0,4940.0,4810.0,4960.0
Q38,5095.8762208872095,6200.0,6590.0,6670.0,6410.0,6850.0,7050.0,7090.0
Q39,5410.0,5600.0,6150.0,5820.0,5520.0,6200.0,6240.0,6960.0
Q40,5190.0,5220.0,5240.0,5230.0,5390.0,5440.0,5450.0,5460.0
Q41,4161.4572503790605,1923.0,1920.0,1929.0,1994.0,1999.0,1997.0,1985.0
Q42,2144.0,2186.0,2190.0,2123.0,2291.0,2288.0,2281.0,2191.0
Q43,4339.098648056343,5440.0,5490.0,5490.0,5600.0,5660.0,5650.0,5650.0
Q44,3639.130657942552,1321.0,1313.0,1324.0,1358.0,1355.0,1343.0,1361.0
Q45,1923.0,1981.0,1977.0,1988.0,2072.0,2074.0,2024.0,2000.0
Q46,3370.0,3340.0,3400.0,3400.0,3530.0,3520.0,3680.0,3530.0
Q47,6029.631762666007,9980.0,9970.0,9680.0,9760.0,10040.0,10100.0,9890.0
Q48,1406.0,1469.0,1459.0,1402.0,1462.0,1408.0,1454.0,1492.0
Q49,6139.015962296004,8950.0,9180.0,9120.0,9600.0,9460.0,9400.0,9500.0
Q50,5649.5305177622095,9520.0,9670.0,9640.0,10160.0,10140.0,10000.0,10030.0
Q51,4089.5185515324615,1456.0,1516.0,1472.0,1559.0,1545.0,1519.0,1568.0
Q52,4940.9231836474255,5940.0,5930.0,5790.0,5880.0,5960.0,6060.0,6090.0
Q53,2619.0,2772.0,2617.0,2680.0,2800.0,2837.0,2887.0,2719.0
Q54,4119.23047382425,1684.0,1671.0,1745.0,1758.0,1740.0,1752.0,1764.0
Q55,4559.356460556343,6890.0,6890.0,6550.0,6790.0,6950.0,7010.0,7250.0
Q56,3944.108197005052,3110.0,3013.0,2910.0,3202.0,3120.0,3105.0,3079.0
Q57,1460.0,1506.0,1477.0,1490.0,1533.0,1542.0,1523.0,1544.0
Q58,5503.541403953364,7480.0,7540.0,7470.0,7590.0,7610.0,7690.0,7710.0
Q59,9740.0,9590.0,9700.0,9850.0,9900.0,10060.0,9970.0,9770.0
Q60,4276.084106136129,1420.0,1431.0,1447.0,1485.0,1444.0,1468.0,1477.0
Q61,5005.830903702254,2860.8,2867.7,2882.2,2865.4,2841.5,2783.8,2804.7
Q62,2024.0,2027.0,2089.0,2063.0,2115.0,2094.0,2142.0,2128.0
Q63,2781.0,2982.0,2975.0,3089.0,3040.0,2937.0,2897.0,2765.0
Q64,4450.2478906786755,3164.5,3214.0,3184.9,3207.1,3155.6,3155.9,3200.4
Q65,4770.0,4615.0,4584.0,4534.0,4351.0,4352.0,4329.0,4453.0
Q66,6412.0,6588.0,6806.0,6992.0,7138.0,7312.0,7347.0,7394.0
Q67,10399.0,10632.0,10623.0,10857.0,10786.0,10520.0,10441.0,10322.0
Q68,3324.0,3321.0,3277.0,3471.0,3481.0,3455.0,3412.0,3487.0
Q69,4358.761798210445,1151.0,1162.0,1188.0,1212.0,1217.0,1247.0,1245.0
Q70,10594.7,10430.7,10431.6,10462.9,10492.6,10518.2,10621.6,10668.6
Q71,4930.0,4950.0,4960.0,5150.0,5300.0,5400.0,5400.0,5250.0
Q72,3910.0,3510.0,3610.0,3590.0,3700.0,3660.0,3600.0,4080.0
Q73,5168.7,5135.6,5188.7,5246.3,5251.8,5251.2,5332.6,5409.7
Q74,4444.53149432471,2963.8,2987.5,3005.6,3008.2,2986.0,3011.3,3063.9
Q75,4108.625973407461,1616.91,1626.85,1634.82,1638.35,1641.02,1646.53,1661.04
Q76,13567.9,13694.9,13813.3,13886.4,13931.5,13963.1,14016.6,14145.0
Q77,17692.2,17783.6,17998.3,18141.9,18222.8,18281.6,18450.1,18675.3
Q78,17243.1,17336.2,17539.4,17678.8,17755.2,17810.9,17963.5,18185.8
Q79,1680.0,1710.0,1690.0,1690.0,1680.0,1660.0,1620.0,1620.0
Q80,6830.0,6800.0,6800.0,6810.0,6830.0,6840.0,6880.0,6870.0
Q81,4967.650958366695,4580.0,4570.0,4580.0,4610.0,4640.0,4670.0,4670.0
Q82,2180.0,2163.0,2153.0,2157.0,2155.0,2151.0,2149.0,2156.0
Q83,4854.536547822257,3280.0,3230.0,3130.0,3210.0,3280.0,3310.0,3280.0
Q84,6204.60412566738,12188.0,12221.0,12250.0,12340.0,12338.0,12392.0,12518.0
Q85,8816.666841202254,34100.0,34394.0,34478.0,35159.0,34425.0,34847.0,35358.0
Q86,1091.0,1100.2,1104.1,1105.2,1108.3,1110.6,1120.1,1129.5
Q87,4247.425778094961,2380.3,2411.0,2430.1,2439.5,2441.8,2465.2,2491.3
Q88,3686.0,3714.0,3744.0,3751.0,3795.0,3758.0,3833.0,3874.0
Q89,5301.0153558478105,8294.6,8325.6,8357.3,8514.8,8475.4,8576.3,8608.7
Q90,8974.0,8903.0,8791.0,9157.0,9433.0,9031.0,9261.0,9809.0
Q91,1097.0,1097.0,1102.0,1102.0,1111.0,1106.0,1108.0,1115.0
Q92,4693.404095442552,7289.0,7298.0,7302.0,7288.0,7348.0,7369.0,7421.0
Q93,4429.839434929195,1586.2,1603.4,1616.4,1628.4,1633.0,1644.1,1660.1
Q94,4904.435446922114,4000.8,3957.6,4132.9,4123.0,4178.0,4171.2,4257.7
Q95,5956.1,5963.0,5978.7,6157.8,6146.6,6219.7,6219.3,6307.5
Q96,5649.60510222988,9120.0,9150.0,9200.0,9230.0,9350.0,9410.0,9510.0
Q97,8689.691743546004,21329.0,21489.0,21612.0,21716.0,21817.0,21958.0,22148.0
Q98,2456.0,2403.0,2421.0,2416.0,2474.0,2460.0,2453.0,2468.0
Q99,1590.0,1490.0,1500.0,1450.0,1560.0,1500.0,1440.0,1420.0
Q100,5074.7141992724255,6718.0,6710.0,6690.0,6763.0,6709.0,6655.0,6689.0
Q101,4611.8732660040605,4373.0,4386.0,4431.0,4462.0,4472.0,4514.0,4547.0
Q102,4239.96777851175,2336.0,2463.0,2469.0,2418.0,2539.0,2398.0,2324.0
Q103,3758.426284775093,2310.3,2318.0,2330.6,2337.7,2337.1,2339.6,2350.0
Q104,4445.984661848802,5918.0,5912.0,5892.0,5904.0,5870.0,5858.0,5913.0
Q105,4475.169024772945,1855.0,1869.0,1879.0,1886.0,1898.0,1913.0,1929.0
Q106,3620.0,3600.0,3640.0,3630.0,3660.0,3680.0,3710.0,3670.0
Q107,6370.0,6410.0,6380.0,6400.0,6550.0,6530.0,6690.0,6590.0
Q108,4447.688110042379,2390.0,2420.0,2440.0,2450.0,2470.0,2470.0,2480.0
Q109,5063.810884171004,3105.9,3137.4,3155.4,3165.9,3168.9,3195.2,3230.0
Q110,2365.0,2412.0,2440.0,2472.0,2489.0,2516.0,2540.0,2559.0
Q111,4857.920407001211,5755.0,5810.0,5837.0,5861.0,5878.0,5890.0,5934.0
Q112,4603.6829492724255,3959.0,3993.0,3988.0,3989.0,4024.0,4058.0,4096.0
Q113,3424.0,3472.0,3494.0,3518.0,3538.0,3565.0,3611.0,3649.0
Q114,3300.0,3320.0,3410.0,3420.0,3390.0,3480.0,3410.0,3370.0
Q115,3636.186538681343,1515.0,1578.0,1580.0,1650.0,1660.0,1673.0,1677.0
Q116,3853.295208723802,2487.0,2615.0,2617.0,2575.0,2692.0,2544.0,2469.0
Q117,1730.0,1640.0,1470.0,1880.0,1850.0,1890.0,1780.0,1600.0
Q118,4060.0,4090.0,4120.0,4090.0,4100.0,4180.0,4240.0,4290.0
Q119,4871.619067353507,3280.0,3300.0,3300.0,3310.0,3360.0,3380.0,3410.0
Q120,1451.51,1430.68,1339.32,1298.25,1219.24,1157.64,1119.2,1113.85
Q121,1678.0,1678.0,1675.0,1681.0,1687.0,1669.0,1656.0,1666.0
Q122,3374.49,3378.71,3370.04,3395.24,3393.82,3423.8,3429.61,3436.15
Q123,4140.312496844961,1778.36,1799.83,1814.19,1822.28,1828.16,1845.01,1867.53
Q124,5702.3391992724255,10295.0,10273.6,10312.0,10348.5,10239.2,10159.5,10223.2
Q125,4079.5036370978096,1445.56,1424.33,1417.02,1500.95,1513.91,1536.93,1569.86
Q126,5942.61,6015.29,6039.63,6223.4,6308.74,6382.43,6492.92,6432.35
Q127,1234.137,1249.448,1263.496,1285.991,1309.205,1336.911,1341.0,1361.11
Q128,3604.228802473802,1099.42,1108.65,1123.03,1135.22,1151.75,1146.98,1160.26
Q129,1144.702,1155.532,1165.24,1180.349,1193.161,1210.535,1205.529,1219.483
Q130,5652.280173484614,7959.14,8162.24,8336.92,8444.01,8653.6,8800.89,8776.47
Q131,4915.718676728507,3479.86,3525.69,3558.7,3562.15,3603.16,3576.99,3678.52
Q132,3442.84,3455.98,3443.88,3441.36,3475.3,3486.79,3432.38,3493.38
Q133,6373.221040421004,10291.44,10323.25,10512.9,10674.97,10760.1,10816.38,10810.73
Q134,4117.7829591684595,1131.13,1103.17,1115.27,1128.99,1123.71,1104.34,1141.06
Q135,4318.713864032461,2840.9,2857.8,2827.05,2868.74,2819.64,2821.65,2838.65
Q136,4081.899746147425,1083.61,1012.54,1060.88,1076.36,1066.73,1075.25,1093.57
Q137,5744.2443597540605,10749.99,10835.82,10969.74,10937.4,10986.48,10888.86,10882.72
Q138,6381.9,6433.8,6537.8,6613.8,6735.8,6715.2,6838.5,6933.6
Q139,5049.380874618843,9538.0,9589.0,9584.0,9626.0,9698.0,9775.0,9818.0
Q140,4803.928509505052,7702.5,7819.6,7905.2,8036.1,8023.3,8155.4,8264.7
Q141,12051.0,12172.0,12234.0,12342.0,12432.0,12482.0,12565.0,12635.0
Q142,5938.8,6006.6,6126.6,6180.3,6270.7,6384.4,6420.3,6459.6
Q143,7400.133227509757,17875.0,17298.0,17209.0,15710.0,16639.0,16134.0,17299.0
Q144,12552.0,12328.0,12426.0,11683.0,12598.0,13275.0,13290.0,12585.0
Q145,6607.264985733504,11719.0,11796.0,11825.0,11900.0,11915.0,11874.0,12008.0
Q146,5860.34887713721,10630.8,10615.5,10661.9,11211.0,11463.6,11470.4,11709.9
Q147,19372.6,19024.5,19176.7,19165.0,19370.4,19328.2,19109.9,19420.7
Q148,4532.4060938036755,3695.07,3845.67,3672.01,3673.65,3444.36,3612.25,3599.35
Q149,5870.0,5250.0,5729.0,6153.0,6903.0,5944.0,6382.0,6898.0
Q150,4798.522954293,5455.09,5768.0,5780.31,5599.39,5142.64,5465.33,5619.18
Q151,4157.873062118843,4171.0,4348.0,4512.0,5033.0,4393.0,4500.0,4471.0
Q152,4341.457318098802,5457.0,5462.0,5386.0,5210.0,5044.0,5299.0,5188.0
Q153,4526.753009147945,2071.0,2174.0,2478.0,2272.0,2105.0,2088.0,2061.0
Q154,1937.0,1901.0,2038.0,2086.0,2026.0,2085.0,2076.0,2046.0
Q155,5568.172290009757,7209.0,7141.0,7141.0,7325.0,7576.0,7307.0,7125.0
Q156,4210.958617854879,983.0,1130.0,1190.0,1015.0,970.0,1079.0,1177.0
Q157,4988.944184952254,2539.0,2599.0,2473.0,3091.0,2772.0,2805.0,2710.0
Q158,1268.1,1236.9,1306.8,1329.6,1386.4,1362.7,1421.1,1512.0
Q159,7696.0,6881.0,7297.0,6851.0,8189.0,7169.0,7672.0,7458.0
Q160,1520.0,1469.0,1522.0,1348.0,1609.0,1466.0,1531.0,1422.0
Q161,1212.0,1221.0,1224.0,1232.0,1237.0,1245.0,1254.0,1261.0
Q162,4035.9423878867506,1223.0,1230.0,1239.0,1243.0,1250.0,1255.0,1264.0
Q163,3566.342788681343,1226.0,1196.0,1207.0,1207.0,1209.0,1237.0,1227.0
Q164,1226.0,1234.0,1239.0,1242.0,1248.0,1259.0,1263.0,1274.0
Q165,1227.0,1232.0,1239.0,1243.0,1246.0,1251.0,1259.0,1262.0
Q166,1226.0,1226.0,1237.0,1236.0,1236.0,1241.0,1239.0,1246.0
Q167,4502.743090791007,1212.0,1214.0,1221.0,1225.0,1234.0,1245.0,1253.0
Q168,4241.66076629238,1241.0,1242.0,1246.0,1248.0,1256.0,1261.0,1269.0
Q169,1236.0,1246.0,1257.0,1264.0,1263.0,1283.0,1291.0,1299.0
Q170,4140.6979982309595,1243.0,1245.0,1256.0,1260.0,1261.0,1268.0,1278.0
Q171,1253.0,1331.0,1255.0,1285.0,1284.0,1329.0,1328.0,1311.0
Q172,4110.2537500536755,1216.0,1223.0,1226.0,1233.0,1246.0,1252.0,1263.0
Q173,1194.0,1202.0,1212.0,1217.0,1225.0,1230.0,1247.0,1252.0
Q174,4032.1254933555006,1198.0,1206.0,1214.0,1218.0,1225.0,1239.0,1248.0
Q175,3572.318374618843,1229.0,1236.0,1242.0,1247.0,1256.0,1261.0,1268.0
Q176,1227.0,1234.0,1242.0,1257.0,1262.0,1271.0,1273.0,1284.0
Q177,4365.141192741695,1223.0,1234.0,1239.0,1241.0,1248.0,1255.0,1264.0
Q178,4387.235251609614,1199.0,1205.0,1212.0,1220.0,1230.0,1239.0,1248.0
Q179,1208.0,1222.0,1234.0,1238.0,1241.0,1254.0,1264.0,1270.0
Q180,4253.23400847988,1299.0,1308.0,1314.0,1314.0,1328.0,1335.0,1345.0
Q181,1213.0,1225.0,1236.0,1242.0,1243.0,1254.0,1265.0,1272.0
Q182,4138.8073732309595,1230.0,1236.0,1241.0,1247.0,1252.0,1260.0,1267.0
Q183,1230.0,1231.0,1233.0,1245.0,1249.0,1249.0,1254.0,1267.0
Q184,1227.0,1232.0,1240.0,1245.0,1252.0,1258.0,1268.0,1274.0
Q185,4031.57785584781,1184.0,1192.0,1200.0,1204.0,1212.0,1220.0,1229.0
Q186,4036.7436574180006,1231.0,1233.0,1241.0,1245.0,1255.0,1265.0,1271.0
Q187,3574.120132431343,1237.0,1245.0,1254.0,1259.0,1267.0,1271.0,1279.0
Q188,1213.0,1234.0,1222.0,1230.0,1233.0,1243.0,1262.0,1261.0
Q189,4365.852130241695,1247.0,1241.0,1243.0,1245.0,1251.0,1254.0,1258.0
Q190,4399.478903953364,1272.0,1276.0,1288.0,1293.0,1302.0,1307.0,1324.0
Q191,4508.851977509757,1241.0,1245.0,1259.0,1267.0,1271.0,1274.0,1293.0
Q192,1230.0,1236.0,1240.0,1254.0,1262.0,1266.0,1269.0,1288.0
Q193,4733.378755264754,1257.0,1260.0,1269.0,1274.0,1283.0,1290.0,1298.0
Q194,4133.5021974497095,1199.0,1203.0,1212.0,1216.0,1220.0,1224.0,1236.0
Q195,1188.0,1192.0,1197.0,1206.0,1210.0,1213.0,1217.0,1231.0
Q196,1184.0,1188.0,1192.0,1202.0,1206.0,1208.0,1212.0,1226.0
Q197,4064.93625428531,1368.0,1373.0,1392.0,1406.0,1416.0,1419.0,1443.0
Q198,4125.458501168,1715.6,1741.3,1776.9,1780.7,1752.4,1815.1,1817.7
Q199,3664.667007431343,1698.1,1744.0,1763.9,1795.9,1797.3,1844.7,1884.6
Q200,1629.7,1638.1,1712.4,1721.5,1786.6,1779.5,1865.2,1907.4
Q201,4459.484454460445,1703.9,1720.5,1792.4,1797.4,1830.4,1841.5,1870.3
Q202,4608.696677390864,2422.3,2459.1,2492.2,2505.8,2520.7,2558.5,2581.2
Q203,4446.316332978507,1125.4,1089.1,1037.1,885.5,779.8,596.9,791.5
Q204,4768.0,4428.0,4412.0,4244.0,4492.0,4407.0,5016.0,4931.0
Q205,1537.0,1530.0,1580.0,1497.0,1453.0,1390.0,1262.0,1160.0
Q206,18520.0,18640.0,18960.0,19160.0,19920.0,20160.0,20680.0,20840.0
Q207,9440.0,13830.0,13390.0,12120.0,11490.0,10780.0,9880.0,9990.0
Q208,10620.0,11570.0,7480.0,8330.0,14210.0,13460.0,8830.0,6490.0
Q209,1663.0,1096.0,1048.0,1015.0,221.0,1078.0,932.0,1666.0
Q210,4840.88184101175,6313.0,5043.0,5863.0,7108.0,5363.0,4919.0,5450.0
Q211,3574.458023056343,734.0,1543.0,1009.0,1473.0,929.0,2101.0,1235.0
Q212,9880.0,9760.0,7960.0,5560.0,3480.0,3000.0,2800.0,2920.0
Q213,7257.331622429195,15440.0,16240.0,16680.0,16640.0,17840.0,18080.0,18760.0
Q214,5661.797751609614,7560.0,7960.0,8400.0,8600.0,9000.0,8880.0,9720.0
Q215,7095.3,9657.5,9371.2,9091.3,8766.5,10823.1,9711.2,11318.9
Q216,10831.60258,10892.50886,10975.61496,11017.38285,11135.4835,11236.61204,11326.0618,11397.48912
Q217,2091.7,2427.8,2160.4,1835.5,2257.2,1987.2,2105.7,1730.3
Q218,5870.3688966684595,10937.37153,10959.52998,11008.26772,11077.43579,11150.28309,11132.5209,11221.64082
Q219,16143.47323,16589.42501,17013.89596,17646.4474,17551.30954,18155.05003,18611.0,19572.0
Q220,4634.8509180224255,3837.726302,3975.304086,4103.732959,4173.219172,4260.926643,4366.34471,4459.4
Q221,6039.37961366031,13111.18,13008.489,12673.37,11566.92,11985.82,12520.01,10640.47
Q222,5325.58594257425,9092.56,8467.01,8732.79,8210.34,8043.63,8734.17,8784.36
Q223,11016.83,10667.88,9808.33,10190.36,9602.11,9391.08,10062.43,10238.13
Q224,7386.922650130052,17531.54,17197.25,19202.76,21581.01,23804.02,25228.35,24555.54
Q225,8627.352130241696,28752.55766,28678.82,30867.3,31089.82931,31349.982,31233.03433,33726.06251
Q226,8740.882712547113,25830.085,26843.734,27857.384,28871.034,29884.684,31089.817,32294.951
Q227,16943.16,17546.64,17788.8,19802.06,22156.53,24448.43,25893.29,25202.76
Q228,4775.58,5010.76,5047.28,4737.2,4840.61,5064.41,4960.71,3902.85
Q229,6442.901704483504,10859.43725,10814.59841,10937.57431,11008.79438,11041.27176,11011.31187,11141.11272
Q230,5965.70727557471,11438.42938,11497.58202,11595.60878,11575.71994,11582.71654,11623.59516,11664.3785
Q231,7559.0,7508.0,7020.0,7164.0,7776.0,7517.0,7953.0,7737.0
Q232,10377.84237,10324.84185,10323.13216,9989.741836,10124.80766,10637.71585,11171.14037,11398.52966
Q233,6253.6926019415605,13005.46,13513.84,13590.48,13532.67,13726.56,14048.79,14124.12
Q234,5038.6801808555,6123.9576,7355.682964,7199.519465,7435.16424,6786.546096,6769.252476,6665.140212
Q235,8298.54,7347.83,8030.898,7807.502,8126.338,7727.89,8153.63,7730.14
Q236,5413.725384505052,12086.38,10961.076,10842.801,10937.712,11378.22,12064.84,11660.4
Q237,4614.351641960445,2470.0,2590.0,2600.0,2730.0,2750.0,2740.0,2800.0
Q238,10788.26424,10865.24948,10821.60194,10787.26546,10929.20398,10978.60755,10927.57818,11062.25105
Q239,11060.0,11146.66667,11076.66667,11040.0,11056.66667,11066.66667,10886.66667,10500.0
Q240,5318.65881316738,7056.635,7067.838,6976.005,7224.163,7298.711,8170.756,9278.687
Q241,1412.062,1143.641,1287.894,1240.991,1179.045,1032.519,1064.929,1146.857
Q242,8946.9,8200.275,8355.732,8216.996,8403.208,8331.23,9235.685,10425.544
Q243,9110.0,9250.0,9360.0,9290.0,9200.0,9540.0,9320.0,9270.0
Q244,4947.4104883349255,6119.0,5676.0,5951.0,5985.0,5713.0,6288.0,6160.0
Q245,5051.0,5177.0,5097.7,4305.9,3998.0,4438.7,4460.7,4636.4
Q246,4168.9731496055,2131.79,2159.26,2211.11,1957.98,1837.03,1981.64,2058.23
Q247,3591.427749618843,442.6,687.6,932.6,1177.6,1422.6,2057.38,2692.15
Q248,3908.567669661302,1181.3,1048.0,1104.0,2104.0,3794.7,4864.0,5901.3
Q249,3845.31,3872.51,3959.93,4078.78,4111.98,4213.02,4359.76,4412.78
Q250,6436.398337547114,13631.1,13153.1,13520.4,12130.3,11150.5,12096.3,12533.3
Q251,4950.812333,5943.503667,6635.088333,6899.787667,6575.321333,6844.293333,8074.092667,7141.931667
Q252,821.6121753,852.882601,812.34687,868.8281719,800.5540944,815.5830578,806.5282332,837.684071
Q253,9316.663911514754,24929.08724,26522.38166,24469.74972,24093.62329,23862.11479,25223.11425,24354.53639
Q254,5834.5427247934595,10921.4,10934.26667,10838.53333,10803.9,10822.93333,10835.3,10659.0
Q255,4036.4916960637115,1236.64,1152.67,1282.13,1181.81,1194.32,1233.26,1232.27
Q256,10781.0,9787.0,10682.0,8245.0,5632.0,6113.0,8552.0,6926.0
Q257,5585.9264886603105,10210.9,10574.8,10360.8,9682.2,9600.5,9753.5,9462.9
Q258,3965.242,3954.426,4093.069,4070.663,4161.498,4413.999,4435.06,4377.562
Q259,1249.0,1265.0,1247.0,1265.0,1263.0,1264.0,1306.0,1282.0
Q260,11184.81577,11284.79504,11314.82864,11360.69116,11500.58661,11600.87442,11614.56284,11626.96773
Q261,5656.153399772945,8440.0,8510.0,8630.0,8650.0,8560.0,8660.0,8670.0
Q262,6311.68,6124.07,5727.22,5696.2,5742.42,5489.42,6040.94,6041.07
Q263,5204.135668916007,5044.4,5323.45,5090.69,5125.68,5042.03,5305.76,5441.19
Q264,4807.514770198629,4266.62,4457.3,4423.18,4429.09,4339.92,4498.38,4553.29
Q265,3460.0,3470.0,3450.0,3430.0,3420.0,3410.0,3400.0,3380.0
Q266,2268.14,2651.7047,2574.1708,2820.4364,3001.4341,3134.2805,3300.0105,3584.2376
Q267,5536.467282001211,10111.03,10481.54,9718.78,9717.46,9230.4,9439.85,9810.91
Q268,6297.9847070849255,14263.57,12958.09,13035.93,13317.01,13066.83,14074.38,13981.66
Q269,5023.2599847540605,6630.0,6910.0,6840.0,6680.0,6900.0,7030.0,6840.0
Q270,4237.731938668,2327.264,2456.637,2369.257,2394.925,2376.97,2485.205,2547.615
Q271,2042.213,2038.379,2089.969,2106.009,2103.837,2097.61,2139.107,2170.813
Q272,3920.178021223802,2999.825,2894.728,3041.979,2990.569,2907.688,2911.391,2937.706
Q273,4451.435138054195,1798.0,1710.0,1701.0,1726.0,1777.0,1768.0,1803.0
Q274,4016.82,3881.62,3263.11,3371.0,3396.74,3393.28,3519.2,3500.52
Q275,11048.1,10450.9,10220.5,10228.6,10393.9,9792.2,10645.8,10104.0
Q276,7890.0,7570.0,7630.0,7820.0,7750.0,7480.0,7660.0,7500.0
Q277,4952.741548233504,2778.05,2492.64,2522.3,2554.11,2454.16,2645.01,2513.73
Q278,7310.0,7260.0,7350.0,7040.0,7040.0,7090.0,7120.0,7160.0
Q279,7232.92,7312.4,7281.95,7318.46,7418.47,7439.29,7476.17,7562.33
Q280,2135.567,2137.119,2186.699,2205.97,2193.378,2172.673,2230.25,2250.402
Q281,9272.244,8644.348,8697.481,8577.473,8729.494,8771.635,9423.944,10421.216
Q282,4289.0454152305,2841.68,2568.17,2742.87,2674.72,2622.46,2824.47,2781.26
Q283,5150.062026962593,10566.77,9575.45,10062.9,10232.56,9984.15,10667.25,10408.06
Q284,4973.173626692552,9141.7,8807.8,8699.9,9069.4,8649.8,9349.0,9103.9
Q285,14372.1,14498.6,13792.4,14373.0,14319.3,13742.8,15001.2,13734.3
Q286,8952.039,8205.318,8360.639,8222.938,8409.165,8337.141,9241.643,10432.47
Q287,8729.0,7786.3,7811.5,7429.6,7008.0,6873.5,7788.5,7823.5
Q288,8769.22668426113,26175.4,26318.4,27155.6,26509.6,27812.5,28294.7,29794.0
Q289,5825.204438858504,6787.213172,6946.248642,7297.28358,7392.389079,7702.053454,8188.024929,8898.561316
Q290,5404.09838885596,8672.2,8435.2,8260.16,8133.06,8717.85,8380.1,8757.48
Q291,4463.368649188711,3350.4628,3354.9162,3642.0168,3676.2421,3617.0851,3671.1519,3988.137
Q292,4242.1233789599255,1801.2,2088.1,1956.1,2009.4,1987.9,1996.0,2200.4
Q293,9238.5,10012.5,11640.0,11324.9,12447.2,12179.5,12340.3,13293.8
Q294,9218.2,9875.0,11758.4,11064.1,11893.9,11544.9,11538.6,13099.0
Q295,4607.168472275093,7146.75,7089.760339,6993.406978,6945.766146,7292.856074,7302.848899,7110.0
Q296,4008.653118880052,2990.6,3420.5,3286.6,3464.9,3432.6,3487.7,3883.0
Q297,1109.6,1209.1,1492.6,1470.2,1571.7,1531.3,1507.9,1668.6
Q298,5734.067282859614,8176.197917,8306.245587,8414.972793,8438.023237,9331.366791,10336.25813,10078.31934
Q299,6993.496997041007,15067.97239,15098.88328,15358.93139,14846.44618,14788.46822,14377.87522,14026.16312
Q300,6441.21398894863,13014.19,13199.44,13415.17,13632.23,13814.28,13930.7,14128.6
Q301,6136.743989639754,9468.48,9350.7,9041.19,8733.85,9350.11,9577.83,9444.31
Q302,5513.0422365122095,8687.77851,8745.632,9003.36731,9158.39384,9273.445,9310.41815,9603.60945
Q303,2168.00565,2167.990191,2219.458267,2258.025731,2270.213972,2268.492827,2293.797486,2387.322706
Q304,4795.0721094286755,4973.402,4973.159,5071.073,5218.133,5079.599,5051.007,5102.868
Q305,7983.84,7470.53,7667.16,7836.87,8072.48,7592.21,7762.03,7928.33
Q306,4634.76465351175,4284.51,4680.39,4833.5,4648.42,4248.05,4663.18,4911.93
Q307,3949.176773056343,3282.4938,3360.9355,3386.4079,3478.4419,3343.2225,3432.7281,3444.2726
Q308,4847.6,4432.0,4733.0,4629.4,4885.7,4508.0,4807.2,4703.0
Q309,7879.58,7268.58,7938.57,8788.83,8021.23,7461.49,8157.06,9040.69
Q310,3924.125,3755.149,3913.766,3906.45,3963.368,3787.926,3957.9,3930.171
Q311,5581.4,4719.2,5338.7,5596.4,5732.0,4820.0,5447.5,5612.6
Q312,2030.0,1896.6,2024.1,2276.7,2173.2,2001.8,2093.7,2344.9
Q313,1673.794,1606.661,1648.759,1602.858,1697.617,1631.374,1687.375,1641.506
Q314,4666.0803224497095,3887.903,4040.811,4126.157,4731.214,3995.495,4167.906,4210.58
Q315,9880.025,9449.426,9971.791,9152.62,10386.931,9798.108,10427.736,9406.357
Q316,10555.7,9874.4,10324.6,9983.3,10852.9,10056.4,10670.7,10273.9
Q317,12007.9,9259.9,11214.3,12207.0,12605.3,9815.5,11403.0,12954.1
Q318,6525.74805194925,14905.35,15441.46,15048.57,15083.8,14594.94,14879.92,14922.22
Q319,7446.4,7394.1,7459.9,7716.6,7757.6,7631.8,7803.4,7942.2
Q320,6328.9,5424.1,6063.2,6400.7,6460.5,5493.6,6284.2,6430.6
Q321,2170.3,2154.1,2293.8,2423.5,2379.0,2320.5,2411.1,2536.5
Q322,11337.96,9907.3,10613.85,10500.59,11944.58,9811.52,10279.19,10452.89
Q323,5002.438403291007,3158.39,3663.48,4456.13,4757.56,3265.88,3975.83,4647.42
Q324,1945.85,1798.92,1958.57,2076.78,2034.29,1852.36,2024.21,2125.61
Q325,6005.446626358504,8100.36,8434.62,8602.75,8851.87,8365.3,8632.26,8804.76
Q326,8831.891,7523.25,8330.766,8748.73,9396.267,7695.314,8703.295,9020.569
Q327,5330.104,5177.764,5522.626,5775.682,5659.361,5487.637,5941.272,6543.853
Q328,6445.8728906786755,13028.93,13943.22,14281.06,14570.79,14153.74,14962.45,15691.14
Q329,5179.33713319156,7815.3,7740.05,7648.3,7970.69,7617.28,7745.12,7586.09
Q330,4774.642,4153.736,4339.259,4397.333,5092.689,4282.923,4494.369,4534.151
Q331,10566.172,8923.696,10076.885,10515.534,10918.562,9373.835,10320.571,10871.326
Q332,27102.29,27417.92,27237.54,27558.29,27842.74,27850.2,28745.53,29042.29
Q333,5879.745196647945,9666.2687,9630.7216,9882.86,9074.9985,10192.8693,10132.725,10352.9518
Q334,8586.331931297113,22586.39,22275.13,22594.69,23005.75,22692.93,22729.89,23077.14
Q335,4990.3,5045.6,4868.0,5182.8,4971.2,4729.9,4813.1,5538.0
Q336,5057.13928191738,5950.358,6238.462333,5411.535333,6188.359333,6035.964667,5874.583,5263.285667
Q337,7668.1545,7564.660737,8829.67402,9547.10657,8514.703497,9986.051947,10632.76568,11117.6076
Q338,728.0,1079.666667,1063.666667,832.0,1087.333333,1305.666667,1502.0,1209.666667
Q339,1279.733333,1233.2,1130.366667,1131.333333,1418.0,1459.133333,1216.6,1281.566667
Q340,4958.2688867724255,6700.0,6420.0,5960.0,5310.0,6190.0,6070.0,5570.0
Q341,5968.0802972540605,10000.54167,12050.51767,14045.521,18160.92267,9719.527667,9541.846,12647.83667
Q342,3971.9946339805006,1043.6,1070.333333,897.5666667,1435.666667,457.7,554.1,426.1666667
Q343,1745.2,2356.466667,2718.033333,2581.866667,2176.433333,2981.133333,3163.2,2898.666667
Q344,4759.644329817552,8589.433333,9042.633333,7231.433333,7294.466667,7417.766667,7798.366667,6838.4
Q345,4555.707598991695,2327.666667,2826.666667,2048.666667,2533.666667,2055.666667,2405.333333,2407.666667
Q346,726.3,787.6,624.6,901.7,806.6,867.0,697.2,1034.1
Q347,6188.838793916007,10604.03895,10674.27353,10753.73411,10813.82483,10877.67851,10923.8674,11030.4426
Q348,10325.34089,10614.62724,10350.27448,10419.97521,10548.60988,10735.04516,10505.54277,10612.07721
Q349,11344.31074,11488.53608,11608.22499,11751.19868,11922.12891,12066.36549,12177.7198,12311.1207
Q350,11212.04326,11258.55723,11297.94602,11459.64659,11489.40031,11556.54108,11611.9314,11763.66547
Q351,11071.74491,11243.83146,11279.26104,11342.52815,11347.58952,11398.20321,11223.58598,11079.33696
Q352,1133.0,1179.0,1171.0,1181.0,1212.0,1234.0,1245.0,1315.0
Q353,9856.2,10473.3,10199.6,10009.7,9520.7,10034.8,10041.2,10400.3
Q354,2135.0,2269.0,2209.0,2168.0,2062.0,2174.0,2175.0,2253.0
Q355,8171.4,7953.1,8078.9,8198.7,8207.6,8775.4,8628.8,8530.8
Q356,2305.568,2266.148,2313.164,2351.852,2402.204,2436.389,2437.619,2468.263
Q357,5867.239825554195,9761.9,9764.9,9840.0,9883.5,9728.2,9653.9,9701.0
Q358,3327.0,3319.9,3339.7,3353.6,3352.2,3372.5,3380.6,3416.2
Q359,5067.496997041007,4343.0,4377.0,4355.0,4444.0,4364.0,4383.0,4458.0
Q360,4237.505492854879,1197.09,1134.26,1129.04,1131.19,1369.24,1296.75,1317.2
Q361,4830.901704483504,1805.0,1710.0,1702.0,1705.0,2064.0,1955.0,1986.0
Q362,1082.96,1083.57,1085.25,1092.29,1092.92,1100.25,1104.1,1113.62
Q363,4768.323239032461,5511.0,5287.0,5360.0,5284.0,5200.0,5248.0,5463.0
Q364,1115.91,988.02,1004.34,1018.8,1013.01,1004.09,1024.51,1064.86
Q365,3422.24,3766.44,3444.96,3604.48,3667.64,3723.46,3765.97,3880.6
Q366,4764.321782418,5456.088,5267.436,5281.124,5420.108,5181.248,5371.473,5491.472
Q367,3556.260269150093,1141.7,1155.2,1152.4,1162.5,1151.0,1147.2,1155.8
Q368,3588.137493880052,1030.1,1038.9,1034.9,1045.4,1032.9,1032.7,1048.6
Q369,13464.2,13790.68,13406.16,13313.44,13515.0,16444.89,14932.67,15411.45
Q370,5987.0,5757.64,5705.56,5606.2,4932.0,4111.04,3818.39,3771.72
Q371,6907.832,6900.26,7027.356,7110.444,7324.256,7246.448,7350.72,7469.372
Q372,4511.77014129238,2743.708,2762.512,2816.34,2837.98,2793.117,2831.716,2855.715
Q373,6620.0,7120.0,6850.0,6640.0,6780.0,7580.0,6790.0,6920.0
Q374,5677.8474122934595,10090.0,9920.0,9760.0,10220.0,10470.0,9680.0,9920.0
Q375,7660.0,8230.0,7730.0,7710.0,7880.0,8540.0,7920.0,8070.0
Q376,5152.1350977099255,7400.0,6930.0,6880.0,7120.0,7660.0,6960.0,6990.0
Q377,5010.1330316290605,6880.0,6550.0,6620.0,6730.0,7180.0,6500.0,6720.0
Q378,6860.0,6720.0,6460.0,6500.0,6930.0,7040.0,6440.0,6610.0
Q379,10090.0,10920.0,10270.0,10300.0,10280.0,11230.0,10460.0,10320.0
Q380,7760.0,8600.0,7720.0,7880.0,7870.0,8890.0,7780.0,8010.0
Q381,6431.385821647945,12510.0,14010.0,12420.0,13910.0,12590.0,12740.0,12430.0
Q382,6980.0,7410.0,6850.0,7250.0,7140.0,7530.0,7090.0,7260.0
Q383,8070.0,8150.0,7360.0,7650.0,8230.0,8450.0,7540.0,8240.0
Q384,4290.48791472988,1520.44,1536.96,1509.32,1541.24,1540.89,1557.43,1580.37
Q385,5872.439302139754,8453.6,8318.3,7946.0,7607.3,7463.8,7097.6,7003.8
Q386,3850.0,3870.0,3880.0,3950.0,4040.0,3930.0,4030.0,4130.0
Q387,4500.413571063711,3770.0,3750.0,3850.0,3910.0,3770.0,3830.0,3910.0
Q388,9946.8,9864.9,9848.8,9767.4,9639.4,9594.5,9546.1,9544.3
Q389,4585.7345941290605,4366.0,4368.0,4400.0,4196.0,4355.0,4318.0,4244.0
Q390,1042.74,1021.74,1040.18,1047.82,1067.89,1046.21,1030.53,1023.42
Q391,3540.912124618843,1043.72,1055.11,1066.75,1047.63,1044.11,1090.55,1100.31
Q392,1113.08,1162.84,1241.7,1248.42,1232.81,1265.34,1268.72,1308.05
Q393,6800.0,7100.0,7580.0,7620.0,7530.0,7730.0,7750.0,7990.0
Q394,5899.575095359613,9814.0,9953.6,9666.4,9925.2,9801.0,9891.7,9997.2
Q395,5181.865649384757,4951.44,4928.08,5046.08,5197.92,4881.22,5075.63,5202.28
Q396,1296.0,1262.0,1268.0,1267.0,1268.0,1227.0,1230.0,1242.0
Q397,1139.58,1101.79,1103.39,1100.99,1103.06,1064.78,1071.24,1089.99
Q398,1178.0,1139.0,1141.0,1138.0,1140.0,1101.0,1107.0,1127.0
Q399,1239.116,1206.108,1234.26,1252.324,1279.808,1247.45,1265.525,1256.288
Q400,14290.0,12840.0,13420.0,13330.0,14870.0,13140.0,13800.0,12610.0
Q401,5664.2736566290605,9690.0,9460.0,12590.0,9000.0,10230.0,8800.0,13600.0
Q402,6656.761235543,15037.52,15355.0,15494.4,15682.56,15844.74,16124.29,16295.32
Q403,6031.500991806343,16377.48,15509.92,15058.84,14698.88,12687.59,14720.33,14641.74
Q404,3579.836712630052,981.73,991.27,986.07,990.34,985.89,990.28,993.12
Q405,8242.0,8545.0,8602.0,8669.0,8877.0,8600.0,8672.0,8639.0
Q406,4949.566306297114,5323.0,5511.0,4981.0,4465.0,3253.0,3769.0,4020.0
Q407,3895.0,3971.0,3806.0,3827.0,3873.0,3788.0,3857.0,3956.0
Q408,5401.0,5359.0,5388.0,5348.0,5463.0,5396.0,5368.0,5384.0
Q409,5350.226411514754,4461.4,4539.7,4632.7,4726.1,4841.8,4929.4,4931.1
Q410,1050.53,1071.07,1081.06,1095.67,1108.1,1127.9,1140.2,1132.51
Q411,1098.17,1123.4,1137.56,1150.93,1159.67,1176.19,1169.66,1176.79
Q412,2587.47,2592.03,2605.97,2616.63,2639.36,2635.64,2653.02,2671.35
Q413,4239.4494378790605,2389.26,2373.536,2411.508,2465.68,2376.054,2400.968,2468.847
Q414,1673.8984,1696.0772,1727.1996,1764.7652,1786.5252,1849.9116,1811.1223,1841.4651
Q415,1650.6,1661.9,1690.1,1691.8,1701.7,1703.9,1709.8,1733.5
Q416,3592.553997786302,1042.91,1057.24,1056.72,1064.41,1063.49,1070.55,1093.97
Q417,4413.587970085445,1499.4,1520.0,1519.3,1530.3,1529.0,1539.2,1572.8
Q418,4713.344138328364,2998.596,3038.656,3051.412,3160.384,2965.299,3341.802,3158.248
Q419,5901.701586884757,10003.92,9592.04,9418.4,9270.76,7622.52,9362.49,9323.6
Q420,3757.448,3751.024,3783.384,3794.628,3946.172,3888.937,3941.523,3953.181
Q421,9090.0,9670.0,9780.0,9420.0,9230.0,10090.0,9640.0,9640.0
Q422,4570.5842286997095,3173.0,3448.0,3744.0,3433.0,4076.0,4047.0,3826.0
Q423,3005.0,2714.0,2892.0,3161.0,3093.0,3915.0,4041.0,4007.0
Q424,6430.0,6380.0,6440.0,6520.0,6530.0,6710.0,6630.0,6740.0
Q425,6280.6,6216.2,6252.72,6327.84,6332.4,6503.66,6604.82,6729.05
Q426,4848.81055194925,7231.84,6670.48,6207.64,5807.04,5191.07,4821.67,4741.04
Q427,4078.0,4127.0,4213.0,4276.0,4333.0,4500.0,4522.0,4553.0
Q428,3715.503216536302,1761.0,1780.2,1804.5,1798.0,1783.1,1804.8,1806.6
Q429,1624.6,1616.6,1605.5,1615.7,1608.9,1617.2,1625.2,1629.5
Q430,4521.702536765864,2802.0,2749.0,2309.0,1933.0,1493.0,1623.0,1704.0
Q431,6288.642016572257,13546.1,12760.1,12008.6,10969.6,9858.7,9210.7,9115.4
Q432,4438.48742644863,2321.0,2330.2,2361.8,2391.0,2424.4,2440.9,2479.8
Q433,1126.95,1106.65,1118.46,1129.74,1130.98,1142.93,1148.21,1155.15
Q434,1193.8,1194.7,1197.7,1203.6,1207.3,1235.4,1239.5,1243.2
Q435,2227.528,2238.236,2326.02,2299.588,2411.628,2484.698,2422.566,2482.715
Q436,1121.06,1136.21,1139.48,1140.36,1146.69,1116.64,1128.24,1141.3
Q437,5093.2721917853105,6990.0,6810.0,8100.0,6370.0,7250.0,6740.0,8240.0
Q438,5950.26172382425,11440.0,12920.0,11440.0,13000.0,12040.0,12570.0,11350.0
Q439,6070.0,6720.0,6020.0,6810.0,6080.0,6350.0,6050.0,7320.0
Q440,6700.0,7350.0,6660.0,7000.0,6790.0,7650.0,6860.0,7030.0
Q441,5402.159747429195,6820.0,6360.0,8250.0,6510.0,6820.0,6620.0,8300.0
Q442,9010.0,9760.0,9100.0,10210.0,9410.0,10170.0,9300.0,10640.0
Q443,5938.538989228507,9800.0,9290.0,8930.0,9050.0,10270.0,9180.0,9110.0
Q444,7120.0,7520.0,7180.0,7270.0,7170.0,8010.0,7230.0,7260.0
Q445,7060.0,7380.0,7510.0,7760.0,7670.0,8030.0,7760.0,8170.0
Q446,9916.3,10680.5,10206.3,10238.5,11302.6,11185.9,10697.1,10677.6
Q447,7291.7,7539.9,7765.8,7926.4,8141.5,8179.5,8137.5,8138.3
Q448,2308.3748,2284.0532,2296.1096,2320.2772,2332.4712,2377.0895,2409.2013,2442.7323
Q449,2714.17,2707.52,2822.11,2773.2,2802.52,2820.23,2843.5,2858.23
Q450,3994.3686574180006,1268.6,1276.0,1087.9,956.0,789.0,882.3,921.1
Q451,3616.108413681343,1508.43,1519.95,1518.56,1515.6,1476.73,1508.33,1526.93
Q452,4380.779095442552,5310.5,5386.6,5409.7,5529.3,5626.1,5661.2,5721.0
Q453,1041.35,1047.87,1053.17,1047.67,1062.43,1070.57,1072.65,1081.55
Q454,4379.244040672114,1152.31,1163.15,1165.59,1174.34,1180.24,1186.82,1196.47
Q455,3757.54,3772.36,3722.96,3744.52,3735.57,3700.05,3743.52,3740.45
Q456,4226.708129573629,1113.13,1134.84,1153.79,1156.72,1160.69,1203.85,1213.85
Q457,4802.6,4645.2,4735.7,4814.8,4827.0,4843.6,5023.7,5065.5
Q458,3668.2252,3764.012,3822.7776,3890.2536,4063.8592,4139.0325,4216.9115,4279.6609
Q459,4137.158199969961,1684.0,1894.0,1660.0,1953.0,1805.0,1935.0,1650.0
Q460,5640.5525781786755,9400.0,9920.0,10090.0,9730.0,10190.0,9980.0,10000.0
Q461,5435.6037347540605,9060.0,9210.0,8980.0,9230.0,9660.0,9070.0,9460.0
Q462,5185.3676808555,7950.0,7410.0,7600.0,7700.0,8360.0,7530.0,7700.0
Q463,5159.996108993843,9230.0,11080.0,9600.0,13820.0,10040.0,10110.0,9460.0
Q464,4696.441204817552,7349.61283,6842.16494,7067.45016,7692.64073,7923.77065,7018.16367,7634.34237
Q465,10710.0,11230.0,11160.0,10420.0,11050.0,11620.0,11050.0,11070.0
Q466,1786.0,1555.0,1833.0,1560.0,1806.0,1584.0,1602.0,1562.0
Q467,14090.0,12570.0,14410.0,12390.0,14510.0,13270.0,13310.0,12610.0
Q468,9370.0,10200.0,10710.0,10600.0,10130.0,10350.0,11550.0,10720.0
Q469,6381.846528702254,10750.0,10630.0,10220.0,10410.0,11290.0,10640.0,10450.0
Q470,4198.04858416846,1580.0,1618.0,1577.0,1624.0,1607.0,1664.0,1523.0
Q471,5911.172360126211,10960.0,12870.0,11390.0,12170.0,12440.0,11710.0,11800.0
Q472,5861.6697656786755,11400.0,11300.0,10740.0,10760.0,11860.0,11060.0,10730.0
Q473,6387.3801019415605,14240.0,13550.0,13640.0,15280.0,15260.0,14140.0,14950.0
Q474,4644.603032418,4599.442413,4758.331092,4317.269761,4387.857064,4983.173879,5026.853164,4614.081507
Q475,1999.0,2095.0,2175.0,2094.0,2053.0,2315.0,2182.0,2228.0
Q476,5188.909954817552,9770.0,10280.0,10130.0,9620.0,10080.0,10760.0,10290.0
Q477,9510.0,9780.0,10070.0,9870.0,9940.0,10320.0,10570.0,10240.0
Q478,5995.731833640864,10010.0,10320.0,9920.0,11250.0,10940.0,10320.0,10210.0
Q479,13000.0,11710.0,13300.0,11790.0,13330.0,12310.0,12330.0,12050.0
Q480,5957.319945979879,10850.0,10390.0,11040.0,10450.0,11510.0,10980.0,11450.0
Q481,8820.0,8850.0,8850.0,9160.0,9110.0,9000.0,9220.0,8850.0
Q482,7660.0,8010.0,7910.0,7830.0,8010.0,8500.0,7790.0,8100.0
Q483,2140.0,1820.0,1470.0,1240.0,1290.0,1680.0,1700.0,1520.0
Q484,1852.0,2191.0,2105.0,2130.0,1804.0,1982.0,2087.0,2246.0
Q485,5052.1384027228105,6872.76,6911.44,6968.68,7011.64,7044.24,7098.96,7147.82
Q486,1671.8,1738.6,1702.8,1587.5,1393.6,1249.9,1211.6,1188.8
Q487,6719.0,6731.0,7442.0,6907.0,7211.0,6742.0,6811.0,6802.0
Q488,6188.0,6102.0,6186.0,6178.0,6248.0,6263.0,6281.0,6319.0
Q489,4652.696368522945,2780.2,2794.8,2854.8,2894.9,2940.9,2964.0,3017.8
Q490,2518.23,2509.57,2530.98,2537.24,2544.77,2543.48,2551.94,2586.52
Q491,1153.42,1151.12,1159.63,1163.22,1165.31,1166.98,1170.29,1185.02
Q492,4292.4,4362.7,4384.2,4483.9,4568.1,4715.4,4797.0,4908.7
Q493,4791.540376358504,1552.5,1590.3,1607.6,1642.1,1641.6,1621.9,1640.8
Q494,5809.4313966684595,10586.0,10633.0,10646.0,10618.0,10825.0,10918.0,11014.0
Q495,4561.362789813711,3779.0,4069.0,4118.0,4137.0,4231.0,4278.0,4416.0
Q496,5010.6287500536755,5995.736,6128.156,6253.54,6450.236,6416.595,6548.111,6669.783
Q497,4924.0329339728105,6072.104,6105.656,6212.316,6298.34,6258.438,6427.463,6535.642
Q498,1749.5,1744.9,1767.5,1767.5,1789.9,1778.7,1775.5,1798.7
Q499,3564.350601181343,1182.45,1193.96,1192.15,1208.94,1198.88,1200.46,1225.73
Q500,8126.496,8256.108,8340.612,8441.46,8564.52,8465.284,8613.198,8755.156
Q501,6247.153888054195,12140.0,11930.0,11360.0,11620.0,12660.0,11760.0,11400.0
Q502,5768.655661765864,9630.0,9060.0,8450.0,8920.0,9860.0,8980.0,8660.0
Q503,5793.898852509757,8280.0,8560.0,8330.0,9030.0,8960.0,8510.0,8600.0
Q504,10910.0,9020.0,9380.0,8560.0,11250.0,9240.0,9530.0,8690.0
Q505,8720.0,9220.0,9320.0,8630.0,8630.0,9280.0,8940.0,8490.0
Q506,12390.0,11120.0,13080.0,10790.0,12700.0,12070.0,12010.0,11280.0
Q507,4298.625485126211,2370.0,2360.0,2390.0,2630.0,2950.0,3090.0,3190.0
Q508,5351.2737695849255,7507.0,7937.0,8192.0,8454.0,8748.0,8741.0,8731.0
Q509,900.25,886.57,937.69,959.0,980.91,1010.07,993.65,987.04
Q510,4287.57227069925,2666.1,2699.2,2692.6,2735.6,2677.7,2687.4,2713.9
Q511,10557.0,10127.6,10320.3,10441.0,10625.6,10408.8,10502.2,10550.1
Q512,3614.387005598802,1185.62,1179.57,1192.2,1243.79,1168.05,1178.86,1196.13
Q513,4355.164141960445,1174.6,1168.6,1181.1,1232.2,1157.2,1167.9,1185.0
Q514,2738.9,2646.1,2690.7,2701.2,2659.5,2597.4,2616.2,2632.4
Q515,4594.090747041007,1770.0,1780.0,1750.0,1690.0,1830.0,1780.0,1800.0
Q516,2224.73,2227.36,2257.5,2267.4,2285.58,2286.84,2309.47,2339.02
Q517,5115.899751358504,3411.9,3492.2,3424.0,3413.5,3467.4,3497.0,3489.4
Q518,2255.49,2241.47,2258.6,2254.57,2265.63,2252.21,2261.01,2281.12
Q519,4730.0,4079.0,4334.0,4526.0,4530.0,4593.0,4598.0,4761.0
Q520,3648.54,3536.772,3776.912,3908.9,4041.548,4167.075,4096.313,4103.173
Q521,4153.09201600406,1921.2,1943.6,1926.4,1970.8,1825.8,1951.0,1938.6
Q522,3113.744,3127.448,3148.972,3207.304,3390.652,3223.052,3324.995,3358.111
Q523,5270.424,5290.964,5472.024,5218.088,5419.816,5056.463,5719.773,5878.737
Q524,1334.176,1380.208,1424.4,1408.784,1429.264,1437.61,1407.074,1413.517
Q525,6142.635333366695,11055.7124,11184.7484,11236.3732,11453.898,11261.654,11574.627,11745.8154
Q526,8531.34429,9676.052735,10368.79879,9091.075266,8756.794368,10205.94551,10171.95363,9297.462522
Q527,4960.660571259757,3760.0,3810.0,3890.0,3920.0,3750.0,3750.0,3780.0
Q528,5711.194457698629,9586.6,9441.2,9340.9,9631.8,9817.2,9849.1,10093.3
Q529,942.0,1101.0,1084.0,1072.0,1106.0,1127.0,1131.0,1159.0
Q530,5143.1403810434595,6792.6,6875.1,6904.3,6917.6,6993.7,7073.6,7188.2
Q531,9510.0,9670.0,9950.0,9920.0,10110.0,10420.0,10500.0,10610.0
Q532,5380.3982813036755,8280.0,8450.0,8340.0,8440.0,8610.0,8640.0,8710.0
Q533,7095.0,7141.0,7194.0,7349.0,7447.0,7559.0,7615.0,7746.0
Q534,5352.7,5437.1,5458.6,5457.2,5439.1,5498.0,5520.6,5584.3
Q535,3540.238296493843,1049.69,1054.5,1052.9,1051.12,1058.76,1062.73,1074.18
Q536,5943.8,6019.9,6047.5,6038.3,6028.1,6071.9,6094.7,6160.4
Q537,9250.0,9120.0,9420.0,9620.0,9690.0,8980.0,9470.0,9670.0
Q538,6612.68,6646.6,6767.48,6477.32,6857.2,6309.78,6389.44,6459.24
Q539,3359.948,3387.096,3446.66,3496.616,3582.036,3542.488,3664.421,3724.775
Q540,5361.554320979879,5734.6,5617.48,5687.88,5541.28,11113.38,10984.37,11296.3
Q541,6164.84,6139.4,6326.4,6296.0,6425.08,6600.27,6516.51,6591.02
Q542,4347.9152833872095,2400.4116,2453.072,2455.4828,2490.1836,2434.2698,2475.7984,2514.6678
Q543,5009.020016376211,6975.53103,6257.71036,6574.29671,6540.51561,7366.52162,6397.89202,6796.58446
Q544,6427.9886133349255,14305.97897,12578.27398,14072.12687,14567.51693,15504.51972,13033.2867,15211.10689
Q545,11650.0,10150.0,11770.0,9910.0,11540.0,11020.0,10520.0,9250.0
Q546,6112.0454152305,13080.0,13310.0,12120.0,12140.0,13430.0,13650.0,12530.0
Q547,4910.733413681343,9100.0,8050.0,9130.0,8230.0,9380.0,8430.0,9430.0
Q548,1479.777846,1670.076608,1599.70809,1658.116643,1599.992903,1811.010927,1669.347844,1775.109478
Q549,5564.037677116695,8140.0,7810.0,8000.0,7720.0,8410.0,8100.0,8090.0
Q550,8440.0,9340.0,9370.0,8710.0,8600.0,9530.0,9320.0,8890.0
Q551,6580.282153291007,12320.0,14080.0,12280.0,13880.0,13050.0,12970.0,12310.0
Q552,5472.724242854879,8190.0,7660.0,8510.0,7950.0,8730.0,7940.0,8220.0
Q553,7570.0,7490.0,7400.0,7820.0,7690.0,7970.0,7070.0,8750.0
Q554,5544.4685060434595,9840.0,8690.0,9690.0,8650.0,9530.0,8310.0,9270.0
Q555,8060.0,8920.0,8260.0,8450.0,8150.0,9720.0,8380.0,8680.0
Q556,5737.6951563036755,10290.0,8900.0,12460.0,8380.0,10550.0,9020.0,12670.0
Q557,5353.8044183478105,8844.68928,8285.26465,8489.05752,8219.48704,9631.99382,8549.57374,9274.72592
Q558,7880.0,8550.0,8440.0,8170.0,8190.0,9050.0,8460.0,8360.0
Q559,8520.0,8850.0,8610.0,8640.0,8730.0,9550.0,8460.0,8750.0
Q560,4908.233197005052,8170.0,7710.0,9070.0,7050.0,9750.0,8200.0,9290.0
Q561,6190.0,7170.0,6630.0,7940.0,6070.0,6930.0,6920.0,7940.0
Q562,7220.0,9110.0,7690.0,10640.0,7750.0,8900.0,8160.0,10540.0
Q563,5876.300219697257,9270.0,8950.0,8710.0,8600.0,9770.0,8970.0,8970.0
Q564,5593.638793636129,9200.0,8890.0,8490.0,8560.0,9720.0,8950.0,8740.0
Q565,4804.229829483504,1753.050895,1594.159666,1653.715409,1614.267471,1847.305297,1631.887165,1723.539652
Q566,5315.6784669809595,8190.0,7530.0,7800.0,7710.0,8580.0,7600.0,7960.0
Q567,4061.8447234074615,1286.0,1381.0,1290.0,1485.0,1265.0,1455.0,1364.0
Q568,5194.1653711474255,7320.0,7280.0,7620.0,7250.0,7750.0,6860.0,7320.0
Q569,12280.0,11990.0,12520.0,12610.0,12450.0,12550.0,12920.0,11840.0
Q570,3682.6549,3828.40588,3698.41716,3728.10335,3896.89362,4340.71256,4037.93697,4015.75387
Q571,4671.013198837593,7470.0,7270.0,7070.0,7380.0,8180.0,7680.0,7310.0
Q572,11750.0,10680.0,12040.0,11050.0,12550.0,12160.0,11810.0,10830.0
Q573,5426.958575554195,7210.0,7000.0,6870.0,7290.0,7600.0,7790.0,7210.0
Q574,7918.36731,8760.29455,8286.78096,8145.56171,8602.79263,9898.60284,8519.3985,8591.51217
Q575,7230.0,7810.0,7580.0,7370.0,7440.0,8200.0,7560.0,7520.0
Q576,5384.00402801113,7900.0,7490.0,7510.0,7520.0,8360.0,7620.0,7670.0
Q577,5783.110688858504,7320.0,6780.0,7340.0,7010.0,7410.0,7290.0,7260.0
Q578,7650.0,7830.0,7630.0,7840.0,7930.0,8380.0,7680.0,8100.0
Q579,4948.869625751211,6610.0,6290.0,6180.0,6240.0,6720.0,6300.0,6210.0
Q580,5284.3118555224255,7660.0,8690.0,7700.0,8640.0,7830.0,7560.0,7720.0
Q581,7130.0,7420.0,6960.0,7270.0,8250.0,7450.0,7500.0,7200.0
Q582,5260.763188668,8830.0,8120.0,7810.0,7940.0,8810.0,7870.0,8100.0
Q583,4933.00826,4875.48456,4636.13769,4748.22144,5177.28084,5332.47428,4840.37127,5157.68607
Q584,4601.553509505052,6820.0,6740.0,6430.0,6860.0,7260.0,6770.0,6750.0
Q585,13820.0,11540.0,13380.0,11190.0,15150.0,11640.0,12550.0,11030.0
Q586,5534.281150047113,7930.0,7430.0,7460.0,7580.0,8450.0,7540.0,7690.0
Q587,6940.0,7370.0,7250.0,7040.0,7200.0,7720.0,7120.0,7430.0
Q588,11650.0,9940.0,11480.0,9500.0,12250.0,10790.0,11250.0,9730.0
Q589,13980.0,12370.0,13920.0,11650.0,14630.0,12560.0,14030.0,12380.0
Q590,6550.0,6100.0,6090.0,6010.0,6680.0,6480.0,6110.0,5990.0
Q591,5620.990719501211,9638.01311,10056.81802,10504.54082,10488.80658,10453.03026,9814.9614,10772.49338
Q592,13680.0,13090.0,14320.0,12510.0,13570.0,13730.0,13320.0,12030.0
Q593,12350.0,10820.0,12730.0,10740.0,12560.0,11220.0,11180.0,10840.0
Q594,5129.30078632425,7820.0,7390.0,7170.0,7200.0,7960.0,7280.0,7260.0
Q595,8120.0,10020.0,8550.0,8320.0,8490.0,10440.0,8490.0,8370.0
Q596,11590.0,9940.0,11520.0,9860.0,11660.0,10970.0,10140.0,9930.0
Q597,1493.163698,1647.576937,1555.515248,1552.664052,1521.451895,1735.84058,1539.986649,1570.008783
Q598,12800.0,11240.0,13480.0,11600.0,13570.0,13150.0,12280.0,11450.0
Q599,6050.460375947257,10130.0,9940.0,9780.0,9990.0,10560.0,9830.0,9900.0
Q600,5733.77551238613,10040.0,10040.0,9150.0,9230.0,10450.0,9850.0,9330.0
Q601,11960.0,11420.0,12500.0,10260.0,12120.0,12180.0,11180.0,10740.0
Q602,7790.0,8370.0,8340.0,8160.0,7900.0,8860.0,8490.0,8850.0
Q603,7730.0,8490.0,8260.0,7960.0,7980.0,8860.0,8080.0,7990.0
Q604,5180.8763086474255,6910.0,7380.0,7480.0,6910.0,7480.0,7300.0,7970.0
Q605,4873.8390863165605,5050.0,6450.0,5910.0,6400.0,5350.0,6860.0,6110.0
Q606,4952.8559621055,6000.0,6550.0,6260.0,6960.0,6350.0,6600.0,6520.0
Q607,4800.0,4700.0,4800.0,5100.0,5400.0,5200.0,5900.0,6000.0
Q608,4112.524212630052,3850.0,3902.0,4018.0,4458.0,3856.0,3794.0,3826.0
Q609,4721.440997429195,3247.0,3254.0,3326.0,3653.0,3130.0,3058.0,3070.0
Q610,7328.688,7439.308,7542.756,7534.88,7662.312,7820.133,7759.06,7904.664
Q611,5035.074145478507,4155.3,4162.0,4152.8,4144.7,4254.4,4312.8,4355.5
Q612,4223.183227229879,1125.44,1122.02,1142.75,1174.46,1126.94,1138.04,1141.81
Q613,5616.639497452254,5857.0,6106.0,6194.0,6392.0,6449.0,6435.0,6528.0
Q614,4432.2961427622095,2670.0,2880.0,3020.0,2910.0,2980.0,3010.0,3020.0
Q615,7680.0,7530.0,8410.0,9100.0,7550.0,7400.0,7630.0,7710.0
Q616,5251.8255273974255,7350.0,8130.0,8880.0,7310.0,7100.0,7240.0,7310.0
Q617,4015.1100824103096,1096.51,1108.75,1091.66,1101.32,1114.97,1114.27,1129.49
Q618,4044.1167042930006,1218.03,1245.68,1255.48,1279.34,1337.21,1338.27,1348.62
Q619,1255.0,1306.0,1336.0,1346.0,1372.0,1434.0,1435.0,1446.0
Q620,3603.273724348802,1096.22,1126.6,1135.28,1124.37,1075.9,1150.01,1217.9
Q621,1088.0,1056.0,1089.0,1159.0,1154.0,1126.0,1148.0,1190.0
Q622,3981.2,4030.976,4044.02,4166.424,4350.632,4183.767,4282.592,4337.376
Q623,10400.0,10770.0,10750.0,10010.0,9680.0,10240.0,10210.0,10700.0
Q624,4234.730590511129,1325.0,1258.0,1274.0,1197.0,1136.0,1168.0,1188.0
Q625,5405.623872452254,5132.0,4674.0,4645.0,5201.0,5121.0,5354.0,5316.0
Q626,10482.5,10455.0,10598.3,10647.9,10759.8,10647.0,10743.3,10785.7
Q627,9311.4,9218.4,9298.4,9313.1,9361.6,9226.2,9276.6,9275.1
Q628,1099.73,1127.59,1138.97,1153.14,1173.36,1162.85,1176.25,1187.31
Q629,4471.3683831915605,3491.3,3564.5,3608.3,3770.5,3765.7,3755.9,3802.2
Q630,1036.23,1071.49,1098.27,1111.05,1166.85,1167.1,1166.84,1185.84
Q631,3544.493179306343,1063.38,1065.23,1074.07,1087.02,1084.44,1092.21,1105.31
Q632,3653.027630598802,1422.07,1384.22,1441.96,1421.73,1411.37,1438.48,1460.66
Q633,5365.903888054195,6714.3,6797.3,6916.4,7007.7,6986.1,6984.3,7062.9
Q634,2823.9,2938.5,2918.2,3011.4,3042.9,3049.8,3111.1,3131.1
Q635,3950.0,4000.0,3992.0,3974.0,3634.0,3848.0,3528.0,3417.0
Q636,8059.2,9210.7,8951.1,8926.5,8692.1,9813.9,9352.1,9502.2
Q637,4804.198091202254,1550.4,1615.8,1662.1,1701.7,1758.0,1749.3,1752.5
Q638,5277.0,5208.0,5267.0,5310.0,5295.0,5502.0,5467.0,5497.0
Q639,5584.766598407461,9979.5,9977.3,9983.3,9853.4,10144.4,10010.7,10017.6
Q640,4734.84,4659.204,4700.524,4736.616,4723.308,4887.416,4925.362,4963.499
Q641,4393.4518792853105,3088.4,3131.9,3192.8,3267.1,3344.0,3393.5,3440.6
Q642,4025.1635792930006,1133.09,1144.2,1158.62,1178.14,1197.2,1210.85,1221.07
Q643,3872.574722275093,2856.7,2884.7,2921.1,2970.3,3018.4,3052.8,3078.5
Q644,4025.975384505052,3266.4,3402.8,3434.1,3511.6,3664.2,3673.8,3700.5
Q645,1096.37,1072.87,1122.74,1132.79,1164.41,1216.83,1222.91,1236.62
Q646,5155.196189109614,5341.1,5448.9,5516.9,5550.8,5621.4,5679.1,5691.3
Q647,5147.754809541007,4788.2,4768.7,4772.6,4788.6,4915.3,4930.3,4949.0
Q648,4203.111938167379,965.0,1111.0,1086.0,1004.0,923.0,1037.0,1083.0
Q649,9146.0,9827.0,9904.0,10022.0,10182.0,9720.0,9997.0,10156.0
Q650,9790.0,9852.0,10072.0,10127.0,10347.0,10470.0,10523.0,10576.0
Q651,5331.207028094961,8445.0,8554.0,8519.0,8636.0,8654.0,8661.0,8685.0
Q652,4095.037929741175,1108.2,1119.36,1131.12,1140.79,1166.47,1168.1,1179.24
Q653,1119.53,1152.97,1169.52,1182.11,1208.76,1214.37,1207.28,1218.01
Q654,2034.8,1978.6,1982.9,2034.5,2037.7,2274.9,2188.9,2208.8
Q655,3550.253921493843,1062.66,1069.24,1093.43,1077.12,1180.09,1155.05,1165.86
Q656,3713.838665755052,1686.116,1718.42,1799.284,1762.38,1782.276,1825.254,1886.422
Q657,3722.94,3703.988,3745.568,3776.736,3754.052,3876.753,3907.287,3935.902
Q658,4378.686911765864,1143.62,1153.11,1159.97,1173.36,1174.35,1181.92,1205.57
Q659,8700.0,9500.0,9500.0,10900.0,9700.0,9000.0,9900.0,8100.0
Q660,4673.906860042379,3210.0,3280.0,3290.0,3680.0,3920.0,4090.0,4230.0
Q661,3517.6,4321.6,3925.6,3775.6,3749.2,3699.5,3280.0,3205.3
Q662,5063.0,5136.0,5261.0,5315.0,5438.0,5487.0,5562.0,5669.0
Q663,4680.0,4735.0,4828.0,4843.0,4924.0,4933.0,4983.0,5052.0
Q664,5499.4397852099255,8938.5,9247.6,9118.1,9387.8,9064.5,9175.6,9184.9
Q665,6300.0,7800.0,7000.0,6900.0,6900.0,7800.0,7900.0,7800.0
Q666,10430.0,10010.0,10540.0,10510.0,10040.0,10220.0,10660.0,10770.0
Q667,7757.7,7915.9,8002.8,8077.3,8154.3,8285.6,8330.7,8406.5
Q668,1838.0,1854.0,1891.0,1896.0,1923.0,1967.0,1978.0,1997.0
Q669,5775.987872429195,8964.0,9010.0,9189.0,9312.0,9452.0,9519.0,9684.0
Q670,4443.125876609614,1511.0,1514.9,1531.7,1541.0,1588.7,1587.0,1585.3
Q671,2827.0,2750.0,2770.0,2813.0,2834.0,2938.0,3079.0,3149.0
Q672,1532.0,1596.0,1565.0,1565.0,1561.0,1440.0,1447.0,1470.0
Q673,1603.952,1628.94,1652.952,1680.928,1723.74,1701.587,1723.254,1751.056
Q674,10612.0,10745.28,11065.28,11037.4,11218.6,11176.42,11675.72,11980.29
Q675,4455.631832782461,3380.392,3481.608,3507.912,3615.66,3632.722,3675.019,3767.822
Q676,2467.0,2516.0,2554.0,2546.0,2580.0,2561.0,2556.0,2543.0
Q677,4018.0851800665596,1111.56,1124.51,1119.37,1135.96,1125.28,1126.67,1129.88
Q678,2242.4,2977.2,2670.8,2576.8,2597.6,2560.9,2224.0,2167.4
Q679,5808.04,6055.36,6046.6,6108.2,6190.88,6375.77,6466.18,6456.82
Q680,4024.602825911302,3380.928,3439.7228,3477.4208,3533.2896,3567.1085,3606.0242,3645.9605
Q681,4082.0,3517.0,3579.0,3596.0,3339.0,2882.0,3021.0,2995.0
Q682,2894.0,3086.0,3063.0,3055.0,3038.0,3446.0,3430.0,3460.0
Q683,5136.299731416007,4640.0,4700.0,4760.0,4790.0,4840.0,4800.0,4860.0
Q684,4824.4,5547.68,5036.72,4800.44,4582.0,4860.16,4820.71,4766.46
Q685,6162.544282608504,9433.4,9402.3,9503.6,9588.5,9245.7,9236.7,9245.6
Q686,4850.9543458872095,4996.0,5064.0,5195.0,5303.0,5319.0,5395.0,5447.0
Q687,1122.58,1145.81,1155.54,1176.86,1193.42,1188.39,1201.38,1206.43
Q688,4133.1951563036755,1276.0,1302.0,1309.0,1349.0,1431.0,1441.0,1477.0
Q689,1211.89,1159.74,1157.05,1153.56,1131.96,1136.71,1139.89,1150.03
Q690,7282.0,6968.0,6952.0,6931.0,6801.0,6830.0,6849.0,6910.0
Q691,5321.267593368843,11380.0,11850.0,11250.0,9940.0,10360.0,11670.0,12310.0
Q692,3602.211224348802,1095.0,1107.0,1108.0,1123.0,1132.0,1137.0,1147.0
Q693,5577.0,5587.9,5655.6,5720.1,5700.3,5770.5,5849.6,5932.9
Q694,6097.416403953364,10721.7,10873.2,10976.8,10768.3,10932.3,11013.3,11156.2
Q695,5716.823657197257,7990.0,8103.0,8180.0,8025.0,8147.0,8207.0,8314.0
Q696,6422.97326629238,12660.2,12905.04,13424.12,13756.84,13597.15,13993.04,14398.01
Q697,1910.28,1889.8,1658.12,1593.8,1488.56,1749.98,1741.13,1715.19
Q698,5544.9431154184595,8123.7,7384.1,9214.5,11518.4,9864.7,9498.7,9084.4
Q699,5214.0,4214.0,3830.0,4780.0,5975.0,5117.0,4927.0,4712.0
Q700,4097.0535547411755,1339.808,1242.804,1199.988,1152.376,1094.448,1091.678,1073.088
Q701,7661.5,7650.3,7692.5,7582.3,7689.0,7649.5,7667.0,7697.7
Q702,4797.1,4729.2,4861.4,4868.2,4959.9,4952.2,4998.8,5024.5
Q703,3784.485855087593,2404.3,2437.0,2455.4,2516.2,2496.4,2485.2,2520.7
Q704,9847.1,10280.5,10452.3,10518.1,10829.4,10760.4,10737.8,10933.8
Q705,1741.7,1626.0,1617.7,1663.9,1694.7,1672.9,1729.1,1747.4
Q706,4454.351462547114,1587.9,1564.3,1623.4,1640.3,1605.6,1642.4,1657.2
Q707,5667.679614228507,7676.43,7705.72,7841.99,7851.12,7917.14,7976.37,8058.76
Q708,6206.00891082363,12180.6184,12271.4952,12323.4076,12240.8328,12291.2865,12394.4317,12477.3819
Q709,4682.025727921004,967.07,968.37,972.89,977.94,960.14,960.74,972.79
Q710,5028.2102052622095,6205.24,6186.96,6284.29,6263.64,6308.55,6326.29,6376.92
Q711,3550.0,3573.4,3620.0,3663.1,3777.1,3691.9,3664.3,3686.8
Q712,4407.3865625536755,2912.2,2898.9,2953.7,2932.7,2936.5,2991.9,3012.2
Q713,4113.02072694156,1663.1436,1635.5024,1663.3904,1708.2628,1713.5128,1684.034,1707.0004
Q714,4356.0864308555,2987.0,3024.0,3064.0,3104.0,3090.0,3094.0,3153.0
Q715,2560.0,2518.0,2521.0,2535.0,2542.0,2507.0,2493.0,2529.0
Q716,3922.316204817552,2888.616,2913.052,2946.888,2983.572,2950.004,3002.84,3066.919
Q717,2511.1,2522.9,2571.1,2608.9,2684.6,2653.6,2696.0,2735.1
Q718,2323.9,2328.3,2361.6,2379.4,2432.6,2387.3,2417.3,2439.2
Q719,5400.130297822257,6162.0,6310.0,6261.0,6443.0,6330.0,6296.0,6400.0
Q720,5573.46496551113,8815.9,8836.0,8775.8,8750.0,8860.9,8901.3,8953.2
Q721,5304.974946671004,4182.0,4266.0,4381.0,4494.0,4530.0,4705.0,4740.0
Q722,4169.082,4180.91,4225.5928,4251.45,4226.7012,4245.6359,4272.7897,4296.8114
Q723,4365.193356219961,3000.57,3053.67,3075.23,3109.76,3109.45,3134.69,3168.62
Q724,1089.7,1079.87,1098.17,1098.89,1116.06,1122.15,1103.81,1121.46
Q725,4328.6330316290605,2841.6,2889.7,2891.6,2936.8,2952.8,2904.6,2951.0
Q726,1091.7,1117.14,1143.51,1162.64,1187.14,1177.77,1176.58,1183.54
Q727,5025.256362900093,9395.0,9516.0,9566.0,9635.0,9250.0,9642.0,9708.0
Q728,4229.968060286302,4407.408,4509.38,4570.096,4689.576,4715.988,4755.117,4814.905
Q729,5170.379473991695,5621.968,5690.384,5713.88,5860.156,5826.972,5894.366,5959.239
Q730,4565.802634422114,2213.7204,2283.9716,2225.2568,2290.62,2260.1347,2268.9936,2291.3918
Q731,4675.288012666007,2170.668,2195.3,2225.976,2255.648,2220.149,2260.7,2308.168
Q732,5633.721313167379,8877.836,8994.784,9121.984,9312.492,9398.676,9234.405,9323.768
Q733,8390.0,9020.0,9300.0,8840.0,8700.0,9740.0,9270.0,9040.0
Q734,6144.0871583872095,12020.0,13640.0,11920.0,13450.0,12660.0,12700.0,11730.0
Q735,5375.251949969961,8130.0,8420.0,10020.0,7720.0,8950.0,8020.0,10310.0
Q736,8360.0,9050.0,9300.0,8650.0,8660.0,9760.0,9310.0,8850.0
Q737,7680.0,8010.0,7800.0,7670.0,7870.0,8500.0,7730.0,7920.0
Q738,1754.7,1756.1,1758.1,1762.2,1762.6,1773.2,1777.3,1786.6
Q739,3565.996108993843,1168.6,1177.8,1203.7,1229.7,1212.9,1225.0,1238.4
Q740,10628.0,10752.0,10780.0,10936.0,11098.0,10868.0,10940.0,11000.0
Q741,1025.0,1027.27,1034.35,1034.85,1060.03,1064.09,1061.56,1076.26
Q742,1536.35,1536.6,1544.54,1554.44,1553.79,1518.21,1523.07,1540.78
Q743,7586.952,7518.764,7556.04,7569.332,7703.188,7369.601,7337.875,7453.298
Q744,5887.801879573629,10140.76,10175.08,10240.48,10319.56,11228.11,11282.31,11340.09
Q745,2294.88,2223.08,2445.4,2158.48,2321.28,2215.06,2465.47,2314.03
Q746,7463.656,7654.204,7715.984,7901.844,8123.044,7977.089,8142.284,8268.632
Q747,5071.068844501211,6892.3948,6950.7888,7024.9848,7181.2868,7113.4421,7223.7933,7332.5848
Q748,8410.0,8970.0,8980.0,8560.0,8530.0,9450.0,8900.0,8730.0
Q749,5981.2555902228105,11320.0,13250.0,11390.0,13290.0,11880.0,13480.0,11620.0
Q750,4122.5571339805,1829.760844,1758.227606,1668.552723,1664.184663,1931.79819,1695.042306,1715.119687
Q751,8950.0,10120.0,9860.0,9050.0,9060.0,10580.0,9470.0,9320.0
Q752,5793.02605,6610.49592,5893.78374,5830.34817,5976.20517,6994.86146,5774.17577,5907.75629
Q753,7500.0,7510.0,7280.0,7420.0,7700.0,7690.0,7450.0,7550.0
Q754,6920.0,7380.0,7010.0,7030.0,7100.0,7720.0,7010.0,7180.0
Q755,5843.719165009757,8930.0,9010.0,8400.0,8710.0,9510.0,8900.0,8640.0
Q756,11570.0,10430.0,12270.0,10390.0,11740.0,11610.0,11120.0,10160.0
Q757,5341.972016983504,4920.0,4950.0,4630.0,4560.0,4640.0,4460.0,4760.0
Q758,2070.8,2079.1,2081.0,2083.8,2097.1,2042.4,2039.6,2053.8
Q759,6396.67,1733.89,3546.24,5335.69,6960.13,1774.05,3733.54,5698.43
Q760,9381.0,7205.9,8754.5,8266.7,8390.1,8594.0,8554.2,8642.8
Q761,4049.7018792853096,1754.0,1655.0,1488.0,1220.0,1037.0,1150.0,1218.0
Q762,11580.7,10996.6,9862.1,9873.5,8806.5,8714.5,8307.4,8293.6
Q763,26030.132,25932.136,26208.096,26352.44,26127.924,26249.756,26491.769,26680.713
Q764,1304.18,1269.0,1293.83,1299.71,1288.99,1300.4,1314.88,1329.6
Q765,1116.46,1090.63,1105.59,1107.07,1098.21,1108.59,1116.75,1128.77
Q766,4369.415427390864,1062.09,1097.29,1109.8,1124.81,1135.47,1124.14,1130.96
Q767,1361.4,1333.63,1348.6,1349.85,1340.75,1346.0,1353.66,1366.8
Q768,4428.01232879238,2112.0,2343.0,2317.0,2325.0,2358.0,2391.0,2467.0
Q769,5557.568696671004,6029.488,5860.556,5875.536,6051.588,5891.653,5872.688,5928.703
Q770,5721.0085451059595,10129.0,10207.0,10206.0,10151.0,10315.0,10293.0,10410.0
Q771,1881.872,2857.78,3215.812,2889.636,2618.636,2342.844,2588.168,2677.823
Q772,6109.68,5637.28,4802.96,4593.64,4079.4,3914.06,3667.01,3626.52
Q773,2026.256,2006.004,1999.652,2031.452,2016.184,2047.429,2082.697,2090.579
Q774,5883.64,6142.88,6196.08,6311.24,6425.72,6392.68,6555.3,6582.17
Q775,3921.508,3860.648,4022.32,4097.804,4154.72,4178.566,4200.546,4229.871
Q776,4083.86941,4557.49394,4331.79571,4281.62304,4236.87843,4843.2902,4295.37772,4544.97566
Q777,6135.552813835445,11418.79072,11025.4094,11014.0331,10765.31906,11892.90779,11302.44286,11173.80271
Q778,5568.651267234614,8000.0,7890.0,7730.0,7610.0,8330.0,8120.0,7800.0
Q779,6360.687426728507,11340.0,12820.0,11250.0,12790.0,11650.0,11700.0,11100.0
Q780,5990.0,6470.0,6240.0,6870.0,6030.0,6680.0,6280.0,7210.0
Q781,4911.115083389754,2660.0,2370.0,2300.0,2260.0,2150.0,2300.0,2350.0
Q782,6772.0,6623.0,6989.0,7005.0,7140.0,6984.0,6848.0,6822.0
Q783,4006.5532195012115,1306.316,1224.752,1151.536,1090.78,876.235,856.126,827.02
Q784,9648.3,9652.7,9650.1,9663.9,9627.8,9511.4,9500.1,9481.9
Q785,4015.78830506656,1087.48,1098.25,1114.01,1129.3,1102.29,1115.52,1125.53
Q786,4488.62109882425,3717.9,3821.0,3832.7,3921.1,3725.0,3761.9,3778.1
Q787,4247.0,3181.0,3351.0,2977.0,2608.0,1843.0,2029.0,2097.0
Q788,2654.0,2547.0,2779.0,2655.0,2570.0,2942.0,2965.0,3001.0
Q789,5756.949786491695,8669.1,8931.32,8984.316,9718.228,9171.298,9596.56,9736.435
Q790,1245.4,1263.3,1284.8,1292.7,1317.2,1304.0,1302.9,1315.7
Q791,4492.915942353507,1139.8,1155.5,1160.9,1184.5,1170.2,1172.9,1193.7
Q792,1942.344,1867.104,2042.824,1947.324,1885.616,2148.169,2076.992,2132.697
Q793,5342.515962296004,4458.188,4672.92,4621.648,4752.172,4706.66,4766.576,4785.428
Q794,8310.0,7610.0,7800.0,8100.0,8500.0,7690.0,7970.0,8170.0
Q795,6020.846676532461,12750.0,11390.0,12500.0,11490.0,12560.0,12830.0,11180.0
Q796,6400.0,6550.0,6650.0,6780.0,7280.0,6980.0,7020.0,7110.0
Q797,5041.4157464728105,7100.0,6650.0,6730.0,6870.0,7510.0,6690.0,6850.0
Q798,6247.11328632425,14295.70684,12678.22157,13713.80065,12783.24348,14488.76794,12668.51233,13478.1557
Q799,4774.556655868843,8370.0,7670.0,8140.0,7770.0,8520.0,7720.0,8070.0
Q800,7660.0,8460.0,7570.0,8030.0,7690.0,8610.0,7640.0,7950.0
Q801,7500.0,7840.0,8240.0,9400.0,7760.0,8370.0,7900.0,9580.0
Q802,5604.946677390864,8370.0,7770.0,7990.0,7840.0,8940.0,7780.0,8020.0
Q803,9191.1,9169.6,9064.0,9251.7,9244.7,9309.4,9152.9,9111.3
Q804,5809.709594417379,11844.308,10753.272,10275.96,9892.036,9394.016,9122.248,8971.455
Q805,2576.4,2576.7,2579.2,2582.9,2581.5,2598.6,2607.4,2614.7
Q806,4311.0456544809595,2271.1,2262.0,2258.2,2245.2,2250.9,2250.6,2247.6
Q807,1472.5,1495.0,1510.9,1530.4,1547.6,1529.0,1543.1,1558.4
Q808,4074.845546928675,1019.61,1011.83,1028.82,1010.39,1037.88,1039.53,1035.84
Q809,3937.3,4012.4,3981.8,4048.6,3976.1,4084.3,4090.8,4076.3
Q810,4012.7085011680006,1378.2,1353.6,1229.6,1088.1,877.8,986.3,1027.8
Q811,3596.375015243843,1568.1,1459.3,1472.7,1417.0,1329.7,1284.4,1261.5
Q812,5105.0,5130.0,5190.0,5226.0,5297.0,5387.0,5441.0,5502.0
Q813,5858.029376335445,9658.7,9682.4,9657.1,9711.7,9780.9,9836.7,9924.0
Q814,2199.38,2145.97,2145.88,2143.38,2104.93,2086.28,2113.86,2131.2
Q815,6043.392993134757,10075.0,10009.9,10036.1,9895.4,9884.6,9894.8,9929.3
Q816,2242.3,2282.4,2239.1,2174.0,2100.2,2058.0,2040.4,2036.2
Q817,11275.0,10642.0,10400.0,10272.0,9879.0,9692.0,9849.0,9838.0
Q818,998.96,911.72,944.36,926.0,925.74,885.38,897.79,925.75
Q819,3861.0,3524.0,3650.0,3579.0,3578.0,3422.0,3470.0,3578.0
Q820,4572.6858789599255,3833.972,3906.62,4012.984,3817.156,3746.107,3831.109,3864.479
Q821,10714.46,10904.404,11091.62,11325.72,11592.48,11430.942,11873.765,12126.925
Q822,4839.704,4841.9,4283.412,4134.056,3966.788,3612.175,3426.437,3333.811
Q823,3931.738784775093,3218.104,3228.772,3265.012,3304.34,3342.591,3331.349,3372.165
Q824,5364.308,5262.58,5131.68,5057.52,4850.068,4700.741,4621.011,4619.744
Q825,14030.0,12420.0,14140.0,12270.0,14200.0,13650.0,13300.0,12280.0
Q826,5936.737204734614,10930.0,10150.0,9760.0,9780.0,10490.0,9260.0,9310.0
Q827,5921.706469697257,9840.0,8570.0,9610.0,7830.0,10130.0,8720.0,9740.0
Q828,6154.301391292379,12158.23958,11300.74776,11152.16469,11727.25579,13406.98134,12592.8942,12434.32663
Q829,6061.713227921004,8640.0,7960.0,9240.0,8630.0,9160.0,8440.0,9700.0
Q830,6710.0,7070.0,6770.0,6720.0,8510.0,7700.0,7170.0,6880.0
Q831,12940.0,11570.0,13340.0,11340.0,12920.0,12600.0,12100.0,11100.0
Q832,9650.0,9160.0,10690.0,9790.0,9940.0,9740.0,11330.0,10810.0
Q833,4135.27805116031,1926.770523,1776.630922,1768.717521,1773.118715,1949.894046,1712.813993,1775.086137
Q834,5164.743657418,7353.28,7499.48,7571.28,7766.24,7713.08,7921.84,8013.77
Q835,3550.191909775093,1003.0,1083.0,1090.0,1127.0,1148.0,1149.0,1171.0
Q836,5630.0,5594.0,5529.0,5611.0,5578.0,5443.0,5493.0,5511.0
Q837,9259.7,9203.6,8902.2,8941.6,8866.1,8752.6,8780.2,8827.0
Q838,5665.4,5580.6,5715.2,5773.8,5849.0,5872.0,5906.6,5992.5
Q839,1293.0,1282.0,1322.0,1333.0,1366.0,1368.0,1376.0,1395.0
Q840,4207.003539729879,1002.06,1036.29,1047.1,1063.68,1048.83,1039.7,1048.23
Q841,4706.310395889754,1104.0,1125.0,1133.0,1119.0,1084.0,1121.0,1132.0
Q842,4217.4235841684595,1648.868,1677.676,1693.768,1729.56,1704.473,1733.583,1772.535
Q843,4508.717282001211,3495.44,3825.24,3823.16,3963.0,3991.76,3890.67,3949.66
Q844,1253.988,1292.944,1239.564,1238.784,1250.292,1180.974,1270.52,1275.726
Q845,7495.32,7245.44,7517.88,7623.36,7854.32,7744.01,7866.85,7997.71
Q846,7009.24,6994.08,7109.88,7174.24,7276.24,7084.43,7550.62,7635.63
Q847,4542.164077743843,6911.56959,6227.96565,6611.04803,6686.15637,7409.58648,6416.25839,6679.56214
Q848,12690.0,11150.0,12860.0,11000.0,12880.0,12200.0,11840.0,10960.0
Q849,4640.30531,5095.61359,4443.74939,4682.76405,4818.2441,5332.68387,4623.15683,4919.54693
Q850,7690.0,7550.0,6830.0,7650.0,7920.0,7570.0,7430.0,7870.0
Q851,11140.0,10090.0,10060.0,9630.0,8900.0,9030.0,9440.0,9460.0
Q852,5607.03186004238,8334.1,9069.3,9923.5,9335.0,8442.9,8490.8,8906.7
Q853,7530.0,6660.0,7250.0,7930.0,7460.0,6750.0,6790.0,7120.0
Q854,4217.4768068247095,1591.4,1656.5,1691.6,1729.8,1746.5,1758.1,1757.5
Q855,5312.342282001211,8172.04,8313.64,8429.644,8614.692,8548.393,8657.848,8775.888
Q856,7462.2,7563.7,7584.2,7622.6,7672.0,7616.4,7671.0,7761.0
Q857,4219.3918206915605,2340.0,2680.0,2550.0,2330.0,2120.0,2030.0,2140.0
Q858,1422.07,1406.02,1407.87,1401.1,1419.78,1436.6,1461.25,1475.06
Q859,3887.0,3843.0,3848.0,3830.0,3881.0,3927.0,3994.0,4032.0
Q860,8409.0,8416.0,8610.0,8682.0,8869.0,8876.0,8917.0,9013.0
Q861,3778.2,3782.6,3797.2,3867.0,3913.8,3967.7,3994.3,4057.4
Q862,2799.97,2853.26,2875.51,2899.36,2941.88,2928.92,2951.02,2984.0
Q863,5725.7,6058.2,5999.4,6019.1,6164.4,6085.9,6102.3,6132.8
Q864,4362.011352229879,1891.0,1916.5,1948.3,1963.5,1980.1,1982.0,1996.6
Q865,5850.177583389754,7523.0,7405.0,7565.0,7772.0,7607.0,7758.0,7828.0
Q866,5030.4694826059595,6244.0,6193.0,6321.0,6395.0,6143.0,6372.0,6432.0
Q867,6372.0,6808.0,6545.0,6696.0,6809.0,6530.0,6552.0,6781.0
Q868,5074.3811914599255,6324.4,6506.8,6632.8,6661.2,6620.5,7405.6,6901.4
Q869,4097.6623285040605,1579.0,1601.0,1617.8,1608.0,1587.7,1580.4,1601.4
Q870,4906.4418996055,5595.9,5435.3,5368.0,6328.8,6749.1,7080.4,7490.1
Q871,1670.9,1690.7,1758.9,1809.9,1866.8,1912.6,1927.0,1945.7
Q872,1446.4,1450.4,1509.4,1539.2,1573.5,1604.3,1591.4,1598.0
Q873,1145.4,1148.9,1146.1,1150.3,1151.7,1140.6,1128.9,1133.4
Q874,9985.3,10053.0,10036.8,10141.1,10187.1,9822.3,9827.9,9884.4
Q875,5129.738207978507,4952.9,4769.4,4732.3,4718.5,4661.8,4693.6,4727.4
Q876,4217.088012386129,1178.33,1116.84,1099.01,1092.91,1088.76,1091.79,1102.44
Q877,6564.540864639754,12357.0,12989.0,11579.0,11151.0,10896.0,11129.0,11270.0
Q878,4792.7175294809595,4767.42,4838.66,4848.12,4943.52,4941.9,4986.85,5051.21
Q879,5228.789059344961,7835.0,7984.0,7959.0,8063.0,8030.0,8044.0,8098.0
Q880,4851.0852930224255,5238.8,5262.7,5358.6,5414.1,5477.6,5509.0,5583.8
Q881,4978.1481683478105,6353.0,6448.0,6577.0,6599.0,6495.0,6784.0,6900.0
Q882,4224.96680194925,2249.804,2192.484,2321.364,2391.604,2351.079,2384.569,2452.724
Q883,3615.843765243843,1493.906,1504.5964,1479.1256,1512.9796,1521.7123,1501.3773,1521.6235
Q884,9676.348,9684.512,9764.696,9883.888,10001.976,9876.025,10162.951,10270.857
Q885,2435.6332,2449.7444,2423.8084,2521.3532,2597.7384,2448.6186,2558.6608,2623.5041
Q886,4606.754782859614,2403.3,2468.0,2452.8,2493.7,2536.2,2532.2,2562.4
Q887,1050.09,1029.85,1054.19,1046.17,1065.08,1080.97,1082.62,1104.22
Q888,12020.0,10200.0,12150.0,10140.0,12720.0,11330.0,11040.0,11750.0
Q889,7629.77069,8751.764428,8366.671738,8122.390157,7986.1036,9140.813711,8215.124115,8438.160637
Q890,4772.9914552622095,4925.935356,4571.334754,4625.381933,4565.95537,5257.631971,4713.750314,4831.720453
Q891,6448.291500751211,13840.0,16020.0,14020.0,15950.0,14310.0,14760.0,13940.0
Q892,5105.8401758349255,6916.45667,6839.11489,6605.00974,6564.94812,7285.37703,7233.19092,6740.21081
Q893,1013.0,1068.0,1036.0,1021.0,1024.0,1046.0,1045.0,1195.0
Q894,5274.481938668,8600.0,7830.0,7930.0,8350.0,8980.0,8090.0,8140.0
Q895,8750.0,7760.0,8130.0,7860.0,8820.0,8290.0,7680.0,7890.0
Q896,9940.0,11000.0,10940.0,10250.0,10230.0,11710.0,11040.0,10480.0
Q897,4399.422931022945,1470.039783,1395.833177,1380.186777,1395.557684,1606.9609,1378.031415,1439.552523
Q898,5705.640525047114,9110.0,8590.0,8290.0,8530.0,9520.0,8490.0,8410.0
Q899,13930.0,12230.0,14360.0,12010.0,13990.0,13720.0,12640.0,11820.0
Q900,5930.35094,6466.30512,6081.87922,6085.58706,6107.06095,6922.45976,6307.16001,6338.8994
Q901,11810.0,10200.0,11640.0,9990.0,11460.0,11460.0,10200.0,9960.0
Q902,1389.0,1522.0,1294.0,1408.0,1341.0,1474.0,1381.0,1478.0
Q903,5431.469723407461,9320.0,9100.0,8630.0,8790.0,10010.0,9180.0,9190.0
Q904,4374.23082,4636.34289,4764.67143,4517.97692,4546.99212,5215.52633,4716.78418,4763.87642
Q905,5231.5070550665605,7880.0,7930.0,8040.0,8450.0,8520.0,7290.0,8150.0
Q906,5580.87988788675,10570.0,10180.0,9470.0,9410.0,10570.0,10100.0,10160.0
Q907,8242.48434,8993.71193,8338.7748,8170.55611,8479.9958,9747.34709,8679.74224,8664.00084
Q908,11200.0,9430.0,9920.0,10630.0,11260.0,10350.0,9130.0,11570.0
Q909,6274.426348991695,11690.0,13100.0,11230.0,13220.0,12100.0,12220.0,11400.0
Q910,5726.277732078364,9070.0,8840.0,8420.0,8820.0,9520.0,8640.0,8610.0
Q911,7340.0,8220.0,8280.0,9510.0,7470.0,8920.0,7900.0,9440.0
Q912,11960.0,10940.0,12110.0,10570.0,12140.0,10950.0,11250.0,10510.0
Q913,5840.268891983504,7140.0,7300.0,8060.0,7260.0,7620.0,7240.0,8290.0
Q914,12200.0,10690.0,12500.0,10650.0,12360.0,11740.0,12050.0,10820.0
Q915,6360.0,11910.0,10980.0,13690.0,6410.0,11780.0,11570.0,13650.0
Q916,10430.0,11150.0,11960.0,10650.0,10650.0,11660.0,11740.0,10830.0
Q917,10490.0,11240.0,12210.0,10540.0,10720.0,11750.0,11940.0,10700.0
Q918,5587.37891132425,9680.0,10700.0,9480.0,10350.0,10080.0,10850.0,9770.0
Q919,4779.231948837593,8100.0,7810.0,7860.0,8110.0,8730.0,8020.0,8140.0
Q920,12320.0,10990.0,12830.0,11000.0,12620.0,11590.0,11510.0,11460.0
Q921,14684.7883,15160.20032,15205.91274,14668.13001,14970.93708,15788.66143,15470.81271,15118.39722
Q922,5610.683005515863,8370.0,7760.0,8170.0,8070.0,8490.0,7870.0,8700.0
Q923,5227.759692353507,5543.07014,5007.92351,5028.46973,5210.30866,5866.44079,5058.83353,5249.03392
Q924,4484.84240691738,2700.828169,2559.967198,2616.474784,2558.872119,2827.653187,2614.85752,2695.52314
Q925,7650.0,7900.0,7710.0,7510.0,7950.0,8230.0,7700.0,7910.0
Q926,13440.0,11670.0,13880.0,11740.0,13910.0,12480.0,13390.0,12250.0
Q927,5088.735348407461,7200.0,7420.0,6940.0,6930.0,7540.0,7230.0,7150.0
Q928,5183.2093164599255,7430.0,7170.0,7150.0,7240.0,7810.0,7100.0,7380.0
Q929,4408.2009027228105,3501.00158,3172.21393,3060.78965,3325.57576,3651.39607,3231.03295,3404.70624
Q930,4795.5864308555,5528.88795,5161.30722,5376.34745,5555.61242,5971.7406,5245.05842,5670.53847
Q931,4650.225601181343,7490.0,7160.0,7140.0,7390.0,7900.0,7090.0,7400.0
Q932,6950.0,6810.0,6780.0,7290.0,7110.0,6650.0,6150.0,5790.0
Q933,9789.6,10098.2,10069.4,10824.8,11289.8,10624.0,11271.2,12189.2
Q934,4862.547263328364,3742.6,3796.7,3853.5,3935.0,3921.1,3983.7,4032.5
Q935,4487.731372041007,1086.6,1105.6,1131.6,1146.2,1154.3,1159.6,1169.3
Q936,4776.691528011129,4102.42,4155.15,4198.0,4271.31,4277.22,4322.61,4377.41
Q937,1087.08,1092.49,1104.7,1113.08,1133.8,1135.86,1126.02,1132.76
Q938,4410.7312013559595,2739.9,2770.5,2791.5,2843.5,2848.6,2824.0,2840.9
Q939,4021.1606413762115,1092.2,1096.23,1115.23,1124.36,1101.84,1154.31,1163.21
Q940,4070.1805078661746,972.0,952.0,1055.0,1026.0,1009.0,1054.0,899.0
Q941,4802.0,4711.0,4906.0,5749.0,5781.0,4219.0,3378.0,3620.0
Q942,4058.8696339805006,1313.2,1337.9,1350.6,1375.6,1406.3,1420.1,1436.7
Q943,2557.0,2508.0,2493.0,2493.0,2525.0,2481.0,2481.0,2429.0
Q944,3916.081829817552,2881.764,2888.432,2907.86,2974.364,2943.501,2969.994,2928.835
Q945,5365.584063835445,8474.48,7857.08,6777.84,6663.72,6037.83,6589.83,6469.93
Q946,4375.544333640864,1172.9,1142.6,1145.3,1185.5,1133.9,1131.2,1147.3
Q947,5058.701586884757,4391.5,4331.0,4405.5,4385.2,4277.4,4291.9,4317.0
Q948,4356.911742854879,2570.0,2643.0,2043.0,1879.0,1475.0,1639.0,1720.0
Q949,4822.358247452254,2534.0,2225.0,1798.0,1748.0,1596.0,1525.0,1508.0
Q950,4155.00952166846,1372.73,1366.38,1232.97,1325.85,1355.88,1382.92,1403.19
Q951,1148.57,1158.38,1154.6,1154.24,1164.99,1132.56,1132.48,1144.01
Q952,4148.7747461474255,1356.176,1411.136,1438.652,1535.14,1462.733,1471.973,1511.199
Q953,2213.0,2224.1,2220.5,2214.8,2232.3,2250.0,2240.2,2261.2
Q954,4289.11621601175,2011.0,2161.0,2375.0,2401.0,3134.0,3335.0,3397.0
Q955,3553.235366806343,1106.16,1123.68,1134.55,1173.98,1117.58,1123.89,1140.28
Q956,8821.7,8991.7,7401.5,7354.6,6660.7,6656.8,6388.6,6334.3
Q957,4341.927813835445,1420.0,1169.0,1162.0,1052.0,1052.0,1009.0,1001.0
Q958,2248.0,2163.0,2221.0,2215.0,2213.0,2208.0,2208.0,2224.0
Q959,2429.2,2428.5,2436.2,2446.4,2475.9,2508.4,2524.4,2562.8
Q960,1023.0,1009.17,1019.67,1030.2,1034.71,1042.04,1045.16,1054.66
Q961,3585.0,3582.0,3655.0,3655.0,3704.0,3629.0,3723.0,3755.0
Q962,5517.68,5429.92,5530.84,5485.52,5556.04,5643.26,5674.14,5705.52
Q963,6411.16,6148.56,6228.64,6255.48,6496.32,6048.1,6055.62,6118.55
Q964,4157.1267969286755,1434.828,1504.5,1521.5,1520.928,1514.887,1539.302,1553.062
Q965,4138.30197694156,1768.86,1787.44,1795.14,1837.728,1857.654,1864.433,1905.571
Q966,4600.4856,4545.9684,4624.3752,4669.3128,4733.6888,4758.6645,4767.6113,4824.9524
Q967,5978.08,6179.28,5837.96,6144.4,6373.16,6193.45,6233.83,6332.67
Q968,3922.234173567552,3290.0,3150.0,3120.0,3040.0,2870.0,2770.0,2610.0
Q969,1297.0,1275.0,1108.0,1052.0,989.0,924.0,897.0,826.0
Q970,4904.029685203364,2482.0,3152.0,4104.0,3423.0,4666.0,5375.0,5619.0
Q971,4906.734301728507,3485.5,3492.7,3510.3,3519.4,3531.3,3543.6,3591.7
Q972,4217.260863948629,1088.2,1085.0,1088.4,1101.9,1116.8,1117.7,1137.8
Q973,3771.5,3845.2,3871.1,3922.2,3894.2,3755.1,3788.9,3806.1
Q974,4066.99243182471,832.0,969.0,880.0,790.0,710.0,793.0,831.0
Q975,4638.485348407461,4534.3308,4575.2176,4597.6528,4561.9116,4579.2856,4610.0959,4636.4587
Q976,4351.4583398974255,2542.05,2589.67,2621.28,2625.84,2650.23,2679.16,2709.66
Q977,10445.0,10758.9,10998.1,10979.4,10901.4,11070.8,11120.4,11063.0
Q978,1645.3,1677.7,1705.9,1725.1,1752.4,1762.5,1746.6,1758.9
Q979,1070.47,1023.49,1039.15,1046.57,1029.55,1015.89,1034.29,1044.69
Q980,4579.936322005052,6227.828,6433.78,6516.764,6767.524,6890.433,6983.419,7033.641
Q981,1503.36,1518.2,1572.12,1583.44,1542.2,1595.58,1638.68,1606.61
Q982,1666.1072,1704.7688,1735.2344,1753.4652,1810.1212,1772.034,1843.4255,1872.0109
Q983,1167.28,1163.24,1177.54,1172.68,1179.28,1186.51,1191.23,1213.96
Q984,4217.476,4238.748,4303.244,4374.504,4494.152,4489.127,4549.435,4592.921
Q985,6513.815766983504,10802.244,11099.808,11289.852,11564.868,11350.809,11864.836,12063.913
Q986,4195.1682130747095,1535.324,1572.076,1576.212,1589.12,1604.197,1582.299,1584.793
Q987,2140.0,2080.0,2090.0,2140.0,2090.0,1950.0,1920.0,1810.0
Q988,4078.654140678675,1025.72,1027.64,1050.84,1043.81,1075.87,1053.51,1045.63
Q989,10579.3,10587.4,10584.1,10489.8,10684.0,10633.9,10545.8,10583.6
Q990,5518.59277851175,9530.0,9480.0,9520.0,9750.0,9860.0,9870.0,9980.0
Q991,9731.0,10110.1,10096.8,10126.1,10429.9,10555.9,10591.9,10750.0
Q992,3948.014447005052,3033.0,3037.0,3083.0,3049.0,3154.0,3203.0,3219.0
Q993,4522.815997429195,2204.0,2205.0,2188.0,2146.0,2197.0,2101.0,2118.0
Q994,4361.859275047114,1093.59,1105.56,1098.05,1061.52,1066.17,1037.52,1046.1
Q995,9800.0,9770.0,9610.0,9600.0,9290.0,9050.0,9050.0,9360.0
Q996,921.075480518872,921.08,959.61,959.32,936.48,918.83,928.66,958.87
Q997,9267.72,9457.08,9703.24,9823.2,10040.4,10168.81,10346.88,10519.08
Q998,2759.092637155873,2759.16,2664.76,2741.2,2646.84,2952.85,2795.27,2900.47
Q999,5275.3782702533945,5275.44,5315.4,5397.24,5436.4,5527.55,5544.54,5614.41
Q1000,14072.136261348496,14072.4,14231.2,14170.8,14690.0,14593.5,14784.8,14914.0
